"Time Stamp","Time Zone","Name","PTID","Load"
"08/17/2024 00:00:00","EDT","CAPITL",61757,1464.2148
"08/17/2024 00:00:00","EDT","CENTRL",61754,1744.0239
"08/17/2024 00:00:00","EDT","DUNWOD",61760,743.3616
"08/17/2024 00:00:00","EDT","GENESE",61753,1211.4828
"08/17/2024 00:00:00","EDT","HUD VL",61758,1237.324
"08/17/2024 00:00:00","EDT","LONGIL",61762,2735.0156
"08/17/2024 00:00:00","EDT","MHK VL",61756,857.33
"08/17/2024 00:00:00","EDT","MILLWD",61759,353.9929
"08/17/2024 00:00:00","EDT","N.Y.C.",61761,6485.288
"08/17/2024 00:00:00","EDT","NORTH",61755,635.0005
"08/17/2024 00:00:00","EDT","WEST",61752,1841.1765
"08/17/2024 00:05:00","EDT","CAPITL",61757,1437.6382
"08/17/2024 00:05:00","EDT","CENTRL",61754,1738.1694
"08/17/2024 00:05:00","EDT","DUNWOD",61760,734.4985
"08/17/2024 00:05:00","EDT","GENESE",61753,1202.7087
"08/17/2024 00:05:00","EDT","HUD VL",61758,1207.9778
"08/17/2024 00:05:00","EDT","LONGIL",61762,2735.6145
"08/17/2024 00:05:00","EDT","MHK VL",61756,858.5518
"08/17/2024 00:05:00","EDT","MILLWD",61759,351.7484
"08/17/2024 00:05:00","EDT","N.Y.C.",61761,6450.6895
"08/17/2024 00:05:00","EDT","NORTH",61755,630.662
"08/17/2024 00:05:00","EDT","WEST",61752,1843.1637
"08/17/2024 00:10:00","EDT","CAPITL",61757,1437.3782
"08/17/2024 00:10:00","EDT","CENTRL",61754,1717.036
"08/17/2024 00:10:00","EDT","DUNWOD",61760,736.4097
"08/17/2024 00:10:00","EDT","GENESE",61753,1198.0261
"08/17/2024 00:10:00","EDT","HUD VL",61758,1191.7975
"08/17/2024 00:10:00","EDT","LONGIL",61762,2714.6392
"08/17/2024 00:10:00","EDT","MHK VL",61756,849.318
"08/17/2024 00:10:00","EDT","MILLWD",61759,349.8141
"08/17/2024 00:10:00","EDT","N.Y.C.",61761,6424.659
"08/17/2024 00:10:00","EDT","NORTH",61755,642.8374
"08/17/2024 00:10:00","EDT","WEST",61752,1842.0928
"08/17/2024 00:15:00","EDT","CAPITL",61757,1435.1252
"08/17/2024 00:15:00","EDT","CENTRL",61754,1683.4102
"08/17/2024 00:15:00","EDT","DUNWOD",61760,748.3592
"08/17/2024 00:15:00","EDT","GENESE",61753,1189.3965
"08/17/2024 00:15:00","EDT","HUD VL",61758,1183.8934
"08/17/2024 00:15:00","EDT","LONGIL",61762,2690.3936
"08/17/2024 00:15:00","EDT","MHK VL",61756,852.8873
"08/17/2024 00:15:00","EDT","MILLWD",61759,337.8862
"08/17/2024 00:15:00","EDT","N.Y.C.",61761,6387.7866
"08/17/2024 00:15:00","EDT","NORTH",61755,626.7026
"08/17/2024 00:15:00","EDT","WEST",61752,1804.0007
"08/17/2024 00:20:00","EDT","CAPITL",61757,1430.7422
"08/17/2024 00:20:00","EDT","CENTRL",61754,1707.9735
"08/17/2024 00:20:00","EDT","DUNWOD",61760,733.2752
"08/17/2024 00:20:00","EDT","GENESE",61753,1186.3489
"08/17/2024 00:20:00","EDT","HUD VL",61758,1212.975
"08/17/2024 00:20:00","EDT","LONGIL",61762,2672.3623
"08/17/2024 00:20:00","EDT","MHK VL",61756,853.8651
"08/17/2024 00:20:00","EDT","MILLWD",61759,339.9481
"08/17/2024 00:20:00","EDT","N.Y.C.",61761,6382.0615
"08/17/2024 00:20:00","EDT","NORTH",61755,618.6077
"08/17/2024 00:20:00","EDT","WEST",61752,1819.1802
"08/17/2024 00:25:00","EDT","CAPITL",61757,1424.016
"08/17/2024 00:25:00","EDT","CENTRL",61754,1699.7052
"08/17/2024 00:25:00","EDT","DUNWOD",61760,744.8829
"08/17/2024 00:25:00","EDT","GENESE",61753,1178.5421
"08/17/2024 00:25:00","EDT","HUD VL",61758,1204.7856
"08/17/2024 00:25:00","EDT","LONGIL",61762,2664.1807
"08/17/2024 00:25:00","EDT","MHK VL",61756,829.9945
"08/17/2024 00:25:00","EDT","MILLWD",61759,341.781
"08/17/2024 00:25:00","EDT","N.Y.C.",61761,6349.091
"08/17/2024 00:25:00","EDT","NORTH",61755,629.6126
"08/17/2024 00:25:00","EDT","WEST",61752,1803.655
"08/17/2024 00:30:00","EDT","CAPITL",61757,1419.7952
"08/17/2024 00:30:00","EDT","CENTRL",61754,1690.6621
"08/17/2024 00:30:00","EDT","DUNWOD",61760,722.2658
"08/17/2024 00:30:00","EDT","GENESE",61753,1180.6901
"08/17/2024 00:30:00","EDT","HUD VL",61758,1199.3082
"08/17/2024 00:30:00","EDT","LONGIL",61762,2648.9634
"08/17/2024 00:30:00","EDT","MHK VL",61756,829.8894
"08/17/2024 00:30:00","EDT","MILLWD",61759,355.894
"08/17/2024 00:30:00","EDT","N.Y.C.",61761,6370.162
"08/17/2024 00:30:00","EDT","NORTH",61755,629.0416
"08/17/2024 00:30:00","EDT","WEST",61752,1809.4911
"08/17/2024 00:35:00","EDT","CAPITL",61757,1404.1555
"08/17/2024 00:35:00","EDT","CENTRL",61754,1651.8953
"08/17/2024 00:35:00","EDT","DUNWOD",61760,725.3328
"08/17/2024 00:35:00","EDT","GENESE",61753,1179.6133
"08/17/2024 00:35:00","EDT","HUD VL",61758,1180.9401
"08/17/2024 00:35:00","EDT","LONGIL",61762,2625.6218
"08/17/2024 00:35:00","EDT","MHK VL",61756,830.2677
"08/17/2024 00:35:00","EDT","MILLWD",61759,337.8221
"08/17/2024 00:35:00","EDT","N.Y.C.",61761,6304.7275
"08/17/2024 00:35:00","EDT","NORTH",61755,631.991
"08/17/2024 00:35:00","EDT","WEST",61752,1796.8806
"08/17/2024 00:40:00","EDT","CAPITL",61757,1398.8788
"08/17/2024 00:40:00","EDT","CENTRL",61754,1642.4407
"08/17/2024 00:40:00","EDT","DUNWOD",61760,724.5649
"08/17/2024 00:40:00","EDT","GENESE",61753,1167.1183
"08/17/2024 00:40:00","EDT","HUD VL",61758,1189.0917
"08/17/2024 00:40:00","EDT","LONGIL",61762,2611.7812
"08/17/2024 00:40:00","EDT","MHK VL",61756,826.8037
"08/17/2024 00:40:00","EDT","MILLWD",61759,326.6509
"08/17/2024 00:40:00","EDT","N.Y.C.",61761,6286.672
"08/17/2024 00:40:00","EDT","NORTH",61755,627.9509
"08/17/2024 00:40:00","EDT","WEST",61752,1777.1986
"08/17/2024 00:45:00","EDT","CAPITL",61757,1389.2758
"08/17/2024 00:45:00","EDT","CENTRL",61754,1664.7277
"08/17/2024 00:45:00","EDT","DUNWOD",61760,719.3467
"08/17/2024 00:45:00","EDT","GENESE",61753,1165.469
"08/17/2024 00:45:00","EDT","HUD VL",61758,1183.4092
"08/17/2024 00:45:00","EDT","LONGIL",61762,2599.5984
"08/17/2024 00:45:00","EDT","MHK VL",61756,828.821
"08/17/2024 00:45:00","EDT","MILLWD",61759,327.8056
"08/17/2024 00:45:00","EDT","N.Y.C.",61761,6255.9746
"08/17/2024 00:45:00","EDT","NORTH",61755,617.0177
"08/17/2024 00:45:00","EDT","WEST",61752,1790.3267
"08/17/2024 00:50:00","EDT","CAPITL",61757,1382.4272
"08/17/2024 00:50:00","EDT","CENTRL",61754,1655.0402
"08/17/2024 00:50:00","EDT","DUNWOD",61760,711.6491
"08/17/2024 00:50:00","EDT","GENESE",61753,1158.1527
"08/17/2024 00:50:00","EDT","HUD VL",61758,1166.9999
"08/17/2024 00:50:00","EDT","LONGIL",61762,2582.4214
"08/17/2024 00:50:00","EDT","MHK VL",61756,829.4799
"08/17/2024 00:50:00","EDT","MILLWD",61759,343.2058
"08/17/2024 00:50:00","EDT","N.Y.C.",61761,6254.538
"08/17/2024 00:50:00","EDT","NORTH",61755,603.699
"08/17/2024 00:50:00","EDT","WEST",61752,1778.9952
"08/17/2024 00:55:00","EDT","CAPITL",61757,1383.842
"08/17/2024 00:55:00","EDT","CENTRL",61754,1618.6073
"08/17/2024 00:55:00","EDT","DUNWOD",61760,719.3247
"08/17/2024 00:55:00","EDT","GENESE",61753,1149.1516
"08/17/2024 00:55:00","EDT","HUD VL",61758,1174.2799
"08/17/2024 00:55:00","EDT","LONGIL",61762,2557.2437
"08/17/2024 00:55:00","EDT","MHK VL",61756,823.5216
"08/17/2024 00:55:00","EDT","MILLWD",61759,325.2273
"08/17/2024 00:55:00","EDT","N.Y.C.",61761,6210.1978
"08/17/2024 00:55:00","EDT","NORTH",61755,607.8977
"08/17/2024 00:55:00","EDT","WEST",61752,1761.1979
"08/17/2024 01:00:00","EDT","CAPITL",61757,1368.9961
"08/17/2024 01:00:00","EDT","CENTRL",61754,1662.3018
"08/17/2024 01:00:00","EDT","DUNWOD",61760,712.8304
"08/17/2024 01:00:00","EDT","GENESE",61753,1147.1807
"08/17/2024 01:00:00","EDT","HUD VL",61758,1182.9054
"08/17/2024 01:00:00","EDT","LONGIL",61762,2552.5037
"08/17/2024 01:00:00","EDT","MHK VL",61756,810.4514
"08/17/2024 01:00:00","EDT","MILLWD",61759,316.4775
"08/17/2024 01:00:00","EDT","N.Y.C.",61761,6189.793
"08/17/2024 01:00:00","EDT","NORTH",61755,630.3008
"08/17/2024 01:00:00","EDT","WEST",61752,1773.096
"08/17/2024 01:05:00","EDT","CAPITL",61757,1372.2009
"08/17/2024 01:05:00","EDT","CENTRL",61754,1653.0785
"08/17/2024 01:05:00","EDT","DUNWOD",61760,716.6033
"08/17/2024 01:05:00","EDT","GENESE",61753,1144.2295
"08/17/2024 01:05:00","EDT","HUD VL",61758,1151.7728
"08/17/2024 01:05:00","EDT","LONGIL",61762,2539.849
"08/17/2024 01:05:00","EDT","MHK VL",61756,819.9074
"08/17/2024 01:05:00","EDT","MILLWD",61759,318.7814
"08/17/2024 01:05:00","EDT","N.Y.C.",61761,6162.708
"08/17/2024 01:05:00","EDT","NORTH",61755,610.6458
"08/17/2024 01:05:00","EDT","WEST",61752,1757.1229
"08/17/2024 01:10:00","EDT","CAPITL",61757,1356.3323
"08/17/2024 01:10:00","EDT","CENTRL",61754,1665.9276
"08/17/2024 01:10:00","EDT","DUNWOD",61760,711.4342
"08/17/2024 01:10:00","EDT","GENESE",61753,1134.7214
"08/17/2024 01:10:00","EDT","HUD VL",61758,1162.824
"08/17/2024 01:10:00","EDT","LONGIL",61762,2527.8086
"08/17/2024 01:10:00","EDT","MHK VL",61756,801.9644
"08/17/2024 01:10:00","EDT","MILLWD",61759,337.2665
"08/17/2024 01:10:00","EDT","N.Y.C.",61761,6155.9326
"08/17/2024 01:10:00","EDT","NORTH",61755,638.276
"08/17/2024 01:10:00","EDT","WEST",61752,1755.7886
"08/17/2024 01:15:00","EDT","CAPITL",61757,1355.6123
"08/17/2024 01:15:00","EDT","CENTRL",61754,1649.0383
"08/17/2024 01:15:00","EDT","DUNWOD",61760,706.1077
"08/17/2024 01:15:00","EDT","GENESE",61753,1140.0667
"08/17/2024 01:15:00","EDT","HUD VL",61758,1155.0394
"08/17/2024 01:15:00","EDT","LONGIL",61762,2521.9753
"08/17/2024 01:15:00","EDT","MHK VL",61756,817.6306
"08/17/2024 01:15:00","EDT","MILLWD",61759,316.7755
"08/17/2024 01:15:00","EDT","N.Y.C.",61761,6144.8125
"08/17/2024 01:15:00","EDT","NORTH",61755,637.5443
"08/17/2024 01:15:00","EDT","WEST",61752,1759.694
"08/17/2024 01:20:00","EDT","CAPITL",61757,1368.8894
"08/17/2024 01:20:00","EDT","CENTRL",61754,1596.2808
"08/17/2024 01:20:00","EDT","DUNWOD",61760,704.5327
"08/17/2024 01:20:00","EDT","GENESE",61753,1129.8622
"08/17/2024 01:20:00","EDT","HUD VL",61758,1154.3663
"08/17/2024 01:20:00","EDT","LONGIL",61762,2506.0999
"08/17/2024 01:20:00","EDT","MHK VL",61756,794.6274
"08/17/2024 01:20:00","EDT","MILLWD",61759,323.8778
"08/17/2024 01:20:00","EDT","N.Y.C.",61761,6120.499
"08/17/2024 01:20:00","EDT","NORTH",61755,631.3663
"08/17/2024 01:20:00","EDT","WEST",61752,1748.6671
"08/17/2024 01:25:00","EDT","CAPITL",61757,1350.0846
"08/17/2024 01:25:00","EDT","CENTRL",61754,1597.1107
"08/17/2024 01:25:00","EDT","DUNWOD",61760,703.73
"08/17/2024 01:25:00","EDT","GENESE",61753,1124.8464
"08/17/2024 01:25:00","EDT","HUD VL",61758,1131.7037
"08/17/2024 01:25:00","EDT","LONGIL",61762,2488.1309
"08/17/2024 01:25:00","EDT","MHK VL",61756,801.3893
"08/17/2024 01:25:00","EDT","MILLWD",61759,305.2488
"08/17/2024 01:25:00","EDT","N.Y.C.",61761,6111.0996
"08/17/2024 01:25:00","EDT","NORTH",61755,632.3366
"08/17/2024 01:25:00","EDT","WEST",61752,1733.1152
"08/17/2024 01:30:00","EDT","CAPITL",61757,1344.108
"08/17/2024 01:30:00","EDT","CENTRL",61754,1621.5762
"08/17/2024 01:30:00","EDT","DUNWOD",61760,696.8145
"08/17/2024 01:30:00","EDT","GENESE",61753,1123.48
"08/17/2024 01:30:00","EDT","HUD VL",61758,1115.3484
"08/17/2024 01:30:00","EDT","LONGIL",61762,2476.4463
"08/17/2024 01:30:00","EDT","MHK VL",61756,794.3803
"08/17/2024 01:30:00","EDT","MILLWD",61759,317.7265
"08/17/2024 01:30:00","EDT","N.Y.C.",61761,6079.101
"08/17/2024 01:30:00","EDT","NORTH",61755,625.2757
"08/17/2024 01:30:00","EDT","WEST",61752,1758.596
"08/17/2024 01:35:00","EDT","CAPITL",61757,1333.6278
"08/17/2024 01:35:00","EDT","CENTRL",61754,1627.1013
"08/17/2024 01:35:00","EDT","DUNWOD",61760,705.1007
"08/17/2024 01:35:00","EDT","GENESE",61753,1117.1887
"08/17/2024 01:35:00","EDT","HUD VL",61758,1119.931
"08/17/2024 01:35:00","EDT","LONGIL",61762,2452.6152
"08/17/2024 01:35:00","EDT","MHK VL",61756,789.1654
"08/17/2024 01:35:00","EDT","MILLWD",61759,300.7376
"08/17/2024 01:35:00","EDT","N.Y.C.",61761,6070.3506
"08/17/2024 01:35:00","EDT","NORTH",61755,623.462
"08/17/2024 01:35:00","EDT","WEST",61752,1728.5574
"08/17/2024 01:40:00","EDT","CAPITL",61757,1340.5613
"08/17/2024 01:40:00","EDT","CENTRL",61754,1567.8295
"08/17/2024 01:40:00","EDT","DUNWOD",61760,690.848
"08/17/2024 01:40:00","EDT","GENESE",61753,1105.2911
"08/17/2024 01:40:00","EDT","HUD VL",61758,1100.922
"08/17/2024 01:40:00","EDT","LONGIL",61762,2458.5396
"08/17/2024 01:40:00","EDT","MHK VL",61756,797.5271
"08/17/2024 01:40:00","EDT","MILLWD",61759,305.2675
"08/17/2024 01:40:00","EDT","N.Y.C.",61761,6042.127
"08/17/2024 01:40:00","EDT","NORTH",61755,622.0774
"08/17/2024 01:40:00","EDT","WEST",61752,1712.6406
"08/17/2024 01:45:00","EDT","CAPITL",61757,1327.5914
"08/17/2024 01:45:00","EDT","CENTRL",61754,1607.0054
"08/17/2024 01:45:00","EDT","DUNWOD",61760,685.5977
"08/17/2024 01:45:00","EDT","GENESE",61753,1109.6204
"08/17/2024 01:45:00","EDT","HUD VL",61758,1120.6719
"08/17/2024 01:45:00","EDT","LONGIL",61762,2429.5342
"08/17/2024 01:45:00","EDT","MHK VL",61756,787.5588
"08/17/2024 01:45:00","EDT","MILLWD",61759,312.1376
"08/17/2024 01:45:00","EDT","N.Y.C.",61761,6027.4355
"08/17/2024 01:45:00","EDT","NORTH",61755,635.3184
"08/17/2024 01:45:00","EDT","WEST",61752,1723.4647
"08/17/2024 01:50:00","EDT","CAPITL",61757,1323.779
"08/17/2024 01:50:00","EDT","CENTRL",61754,1618.3381
"08/17/2024 01:50:00","EDT","DUNWOD",61760,674.6752
"08/17/2024 01:50:00","EDT","GENESE",61753,1106.7461
"08/17/2024 01:50:00","EDT","HUD VL",61758,1092.1409
"08/17/2024 01:50:00","EDT","LONGIL",61762,2423.4954
"08/17/2024 01:50:00","EDT","MHK VL",61756,805.262
"08/17/2024 01:50:00","EDT","MILLWD",61759,316.2941
"08/17/2024 01:50:00","EDT","N.Y.C.",61761,6011.0234
"08/17/2024 01:50:00","EDT","NORTH",61755,613.7215
"08/17/2024 01:50:00","EDT","WEST",61752,1720.9113
"08/17/2024 01:55:00","EDT","CAPITL",61757,1321.8506
"08/17/2024 01:55:00","EDT","CENTRL",61754,1611.6095
"08/17/2024 01:55:00","EDT","DUNWOD",61760,683.1609
"08/17/2024 01:55:00","EDT","GENESE",61753,1103.8057
"08/17/2024 01:55:00","EDT","HUD VL",61758,1076.3407
"08/17/2024 01:55:00","EDT","LONGIL",61762,2414.3164
"08/17/2024 01:55:00","EDT","MHK VL",61756,797.845
"08/17/2024 01:55:00","EDT","MILLWD",61759,304.0383
"08/17/2024 01:55:00","EDT","N.Y.C.",61761,5999.715
"08/17/2024 01:55:00","EDT","NORTH",61755,632.3339
"08/17/2024 01:55:00","EDT","WEST",61752,1715.041
"08/17/2024 02:00:00","EDT","CAPITL",61757,1316.145
"08/17/2024 02:00:00","EDT","CENTRL",61754,1600.7834
"08/17/2024 02:00:00","EDT","DUNWOD",61760,678.6384
"08/17/2024 02:00:00","EDT","GENESE",61753,1096.4391
"08/17/2024 02:00:00","EDT","HUD VL",61758,1097.5416
"08/17/2024 02:00:00","EDT","LONGIL",61762,2399.0386
"08/17/2024 02:00:00","EDT","MHK VL",61756,783.9948
"08/17/2024 02:00:00","EDT","MILLWD",61759,300.3156
"08/17/2024 02:00:00","EDT","N.Y.C.",61761,5977.268
"08/17/2024 02:00:00","EDT","NORTH",61755,624.2
"08/17/2024 02:00:00","EDT","WEST",61752,1717.6647
"08/17/2024 02:05:00","EDT","CAPITL",61757,1302.074
"08/17/2024 02:05:00","EDT","CENTRL",61754,1549.0958
"08/17/2024 02:05:00","EDT","DUNWOD",61760,679.0697
"08/17/2024 02:05:00","EDT","GENESE",61753,1101.4222
"08/17/2024 02:05:00","EDT","HUD VL",61758,1103.1901
"08/17/2024 02:05:00","EDT","LONGIL",61762,2388.732
"08/17/2024 02:05:00","EDT","MHK VL",61756,774.0242
"08/17/2024 02:05:00","EDT","MILLWD",61759,299.7906
"08/17/2024 02:05:00","EDT","N.Y.C.",61761,5977.0303
"08/17/2024 02:05:00","EDT","NORTH",61755,597.9711
"08/17/2024 02:05:00","EDT","WEST",61752,1723.698
"08/17/2024 02:10:00","EDT","CAPITL",61757,1306.8358
"08/17/2024 02:10:00","EDT","CENTRL",61754,1593.5061
"08/17/2024 02:10:00","EDT","DUNWOD",61760,684.9105
"08/17/2024 02:10:00","EDT","GENESE",61753,1100.7556
"08/17/2024 02:10:00","EDT","HUD VL",61758,1091.3722
"08/17/2024 02:10:00","EDT","LONGIL",61762,2378.3772
"08/17/2024 02:10:00","EDT","MHK VL",61756,761.9041
"08/17/2024 02:10:00","EDT","MILLWD",61759,287.1928
"08/17/2024 02:10:00","EDT","N.Y.C.",61761,5939.561
"08/17/2024 02:10:00","EDT","NORTH",61755,615.3231
"08/17/2024 02:10:00","EDT","WEST",61752,1699.8982
"08/17/2024 02:15:00","EDT","CAPITL",61757,1289.7153
"08/17/2024 02:15:00","EDT","CENTRL",61754,1572.2935
"08/17/2024 02:15:00","EDT","DUNWOD",61760,673.1064
"08/17/2024 02:15:00","EDT","GENESE",61753,1100.7808
"08/17/2024 02:15:00","EDT","HUD VL",61758,1077.8356
"08/17/2024 02:15:00","EDT","LONGIL",61762,2379.5647
"08/17/2024 02:15:00","EDT","MHK VL",61756,778.5229
"08/17/2024 02:15:00","EDT","MILLWD",61759,297.1748
"08/17/2024 02:15:00","EDT","N.Y.C.",61761,5919.9014
"08/17/2024 02:15:00","EDT","NORTH",61755,608.4365
"08/17/2024 02:15:00","EDT","WEST",61752,1710.4031
"08/17/2024 02:20:00","EDT","CAPITL",61757,1303.9792
"08/17/2024 02:20:00","EDT","CENTRL",61754,1591.6233
"08/17/2024 02:20:00","EDT","DUNWOD",61760,662.0921
"08/17/2024 02:20:00","EDT","GENESE",61753,1094.0675
"08/17/2024 02:20:00","EDT","HUD VL",61758,1095.3853
"08/17/2024 02:20:00","EDT","LONGIL",61762,2374.1675
"08/17/2024 02:20:00","EDT","MHK VL",61756,767.7264
"08/17/2024 02:20:00","EDT","MILLWD",61759,301.5824
"08/17/2024 02:20:00","EDT","N.Y.C.",61761,5913.3857
"08/17/2024 02:20:00","EDT","NORTH",61755,598.1443
"08/17/2024 02:20:00","EDT","WEST",61752,1695.4374
"08/17/2024 02:25:00","EDT","CAPITL",61757,1300.2092
"08/17/2024 02:25:00","EDT","CENTRL",61754,1576.8291
"08/17/2024 02:25:00","EDT","DUNWOD",61760,661.1931
"08/17/2024 02:25:00","EDT","GENESE",61753,1080.9523
"08/17/2024 02:25:00","EDT","HUD VL",61758,1089.4775
"08/17/2024 02:25:00","EDT","LONGIL",61762,2374.356
"08/17/2024 02:25:00","EDT","MHK VL",61756,757.526
"08/17/2024 02:25:00","EDT","MILLWD",61759,297.5035
"08/17/2024 02:25:00","EDT","N.Y.C.",61761,5910.4985
"08/17/2024 02:25:00","EDT","NORTH",61755,611.5853
"08/17/2024 02:25:00","EDT","WEST",61752,1708.2736
"08/17/2024 02:30:00","EDT","CAPITL",61757,1300.3221
"08/17/2024 02:30:00","EDT","CENTRL",61754,1571.4872
"08/17/2024 02:30:00","EDT","DUNWOD",61760,663.7445
"08/17/2024 02:30:00","EDT","GENESE",61753,1086.3501
"08/17/2024 02:30:00","EDT","HUD VL",61758,1071.7946
"08/17/2024 02:30:00","EDT","LONGIL",61762,2346.5073
"08/17/2024 02:30:00","EDT","MHK VL",61756,762.2856
"08/17/2024 02:30:00","EDT","MILLWD",61759,283.0783
"08/17/2024 02:30:00","EDT","N.Y.C.",61761,5885.6357
"08/17/2024 02:30:00","EDT","NORTH",61755,626.898
"08/17/2024 02:30:00","EDT","WEST",61752,1674.1198
"08/17/2024 02:35:00","EDT","CAPITL",61757,1293.8687
"08/17/2024 02:35:00","EDT","CENTRL",61754,1576.8728
"08/17/2024 02:35:00","EDT","DUNWOD",61760,670.4234
"08/17/2024 02:35:00","EDT","GENESE",61753,1079.7494
"08/17/2024 02:35:00","EDT","HUD VL",61758,1081.0637
"08/17/2024 02:35:00","EDT","LONGIL",61762,2330.6274
"08/17/2024 02:35:00","EDT","MHK VL",61756,763.8055
"08/17/2024 02:35:00","EDT","MILLWD",61759,278.9155
"08/17/2024 02:35:00","EDT","N.Y.C.",61761,5873.243
"08/17/2024 02:35:00","EDT","NORTH",61755,621.1058
"08/17/2024 02:35:00","EDT","WEST",61752,1686.4506
"08/17/2024 02:40:00","EDT","CAPITL",61757,1291.9429
"08/17/2024 02:40:00","EDT","CENTRL",61754,1566.391
"08/17/2024 02:40:00","EDT","DUNWOD",61760,659.6109
"08/17/2024 02:40:00","EDT","GENESE",61753,1083.2198
"08/17/2024 02:40:00","EDT","HUD VL",61758,1077.1147
"08/17/2024 02:40:00","EDT","LONGIL",61762,2316.7598
"08/17/2024 02:40:00","EDT","MHK VL",61756,763.2707
"08/17/2024 02:40:00","EDT","MILLWD",61759,283.3256
"08/17/2024 02:40:00","EDT","N.Y.C.",61761,5865.6226
"08/17/2024 02:40:00","EDT","NORTH",61755,619.4429
"08/17/2024 02:40:00","EDT","WEST",61752,1685.0049
"08/17/2024 02:45:00","EDT","CAPITL",61757,1281.864
"08/17/2024 02:45:00","EDT","CENTRL",61754,1586.4894
"08/17/2024 02:45:00","EDT","DUNWOD",61760,662.5552
"08/17/2024 02:45:00","EDT","GENESE",61753,1081.8186
"08/17/2024 02:45:00","EDT","HUD VL",61758,1059.8995
"08/17/2024 02:45:00","EDT","LONGIL",61762,2317.2637
"08/17/2024 02:45:00","EDT","MHK VL",61756,753.2886
"08/17/2024 02:45:00","EDT","MILLWD",61759,281.7025
"08/17/2024 02:45:00","EDT","N.Y.C.",61761,5866.954
"08/17/2024 02:45:00","EDT","NORTH",61755,629.5249
"08/17/2024 02:45:00","EDT","WEST",61752,1700.3628
"08/17/2024 02:50:00","EDT","CAPITL",61757,1285.8833
"08/17/2024 02:50:00","EDT","CENTRL",61754,1519.9425
"08/17/2024 02:50:00","EDT","DUNWOD",61760,666.8338
"08/17/2024 02:50:00","EDT","GENESE",61753,1072.7798
"08/17/2024 02:50:00","EDT","HUD VL",61758,1064.1249
"08/17/2024 02:50:00","EDT","LONGIL",61762,2310.7368
"08/17/2024 02:50:00","EDT","MHK VL",61756,758.2556
"08/17/2024 02:50:00","EDT","MILLWD",61759,270.2088
"08/17/2024 02:50:00","EDT","N.Y.C.",61761,5842.041
"08/17/2024 02:50:00","EDT","NORTH",61755,633.5278
"08/17/2024 02:50:00","EDT","WEST",61752,1687.8088
"08/17/2024 02:55:00","EDT","CAPITL",61757,1279.042
"08/17/2024 02:55:00","EDT","CENTRL",61754,1520.2596
"08/17/2024 02:55:00","EDT","DUNWOD",61760,659.0276
"08/17/2024 02:55:00","EDT","GENESE",61753,1097.0933
"08/17/2024 02:55:00","EDT","HUD VL",61758,1068.1864
"08/17/2024 02:55:00","EDT","LONGIL",61762,2302.6865
"08/17/2024 02:55:00","EDT","MHK VL",61756,772.6239
"08/17/2024 02:55:00","EDT","MILLWD",61759,281.1324
"08/17/2024 02:55:00","EDT","N.Y.C.",61761,5835.7715
"08/17/2024 02:55:00","EDT","NORTH",61755,628.0336
"08/17/2024 02:55:00","EDT","WEST",61752,1665.1133
"08/17/2024 03:00:00","EDT","CAPITL",61757,1296.1285
"08/17/2024 03:00:00","EDT","CENTRL",61754,1557.2545
"08/17/2024 03:00:00","EDT","DUNWOD",61760,645.98
"08/17/2024 03:00:00","EDT","GENESE",61753,1073.1744
"08/17/2024 03:00:00","EDT","HUD VL",61758,1041.9127
"08/17/2024 03:00:00","EDT","LONGIL",61762,2292.251
"08/17/2024 03:00:00","EDT","MHK VL",61756,776.9784
"08/17/2024 03:00:00","EDT","MILLWD",61759,294.8596
"08/17/2024 03:00:00","EDT","N.Y.C.",61761,5850.157
"08/17/2024 03:00:00","EDT","NORTH",61755,619.75
"08/17/2024 03:00:00","EDT","WEST",61752,1677.4974
"08/17/2024 03:05:00","EDT","CAPITL",61757,1256.0775
"08/17/2024 03:05:00","EDT","CENTRL",61754,1550.7329
"08/17/2024 03:05:00","EDT","DUNWOD",61760,648.1858
"08/17/2024 03:05:00","EDT","GENESE",61753,1071.6813
"08/17/2024 03:05:00","EDT","HUD VL",61758,1053.9523
"08/17/2024 03:05:00","EDT","LONGIL",61762,2280.1328
"08/17/2024 03:05:00","EDT","MHK VL",61756,776.671
"08/17/2024 03:05:00","EDT","MILLWD",61759,284.0319
"08/17/2024 03:05:00","EDT","N.Y.C.",61761,5830.575
"08/17/2024 03:05:00","EDT","NORTH",61755,609.0739
"08/17/2024 03:05:00","EDT","WEST",61752,1650.5723
"08/17/2024 03:10:00","EDT","CAPITL",61757,1278.3594
"08/17/2024 03:10:00","EDT","CENTRL",61754,1522.6589
"08/17/2024 03:10:00","EDT","DUNWOD",61760,652.9487
"08/17/2024 03:10:00","EDT","GENESE",61753,1069.2141
"08/17/2024 03:10:00","EDT","HUD VL",61758,1034.8643
"08/17/2024 03:10:00","EDT","LONGIL",61762,2282.5527
"08/17/2024 03:10:00","EDT","MHK VL",61756,763.4956
"08/17/2024 03:10:00","EDT","MILLWD",61759,286.6046
"08/17/2024 03:10:00","EDT","N.Y.C.",61761,5813.338
"08/17/2024 03:10:00","EDT","NORTH",61755,629.8361
"08/17/2024 03:10:00","EDT","WEST",61752,1682.9604
"08/17/2024 03:15:00","EDT","CAPITL",61757,1292.0881
"08/17/2024 03:15:00","EDT","CENTRL",61754,1552.2257
"08/17/2024 03:15:00","EDT","DUNWOD",61760,642.8861
"08/17/2024 03:15:00","EDT","GENESE",61753,1061.0106
"08/17/2024 03:15:00","EDT","HUD VL",61758,1034.051
"08/17/2024 03:15:00","EDT","LONGIL",61762,2285.826
"08/17/2024 03:15:00","EDT","MHK VL",61756,771.508
"08/17/2024 03:15:00","EDT","MILLWD",61759,287.5509
"08/17/2024 03:15:00","EDT","N.Y.C.",61761,5806.935
"08/17/2024 03:15:00","EDT","NORTH",61755,621.1621
"08/17/2024 03:15:00","EDT","WEST",61752,1681.3956
"08/17/2024 03:20:00","EDT","CAPITL",61757,1280.3848
"08/17/2024 03:20:00","EDT","CENTRL",61754,1553.5052
"08/17/2024 03:20:00","EDT","DUNWOD",61760,647.7969
"08/17/2024 03:20:00","EDT","GENESE",61753,1063.043
"08/17/2024 03:20:00","EDT","HUD VL",61758,1030.3947
"08/17/2024 03:20:00","EDT","LONGIL",61762,2272.682
"08/17/2024 03:20:00","EDT","MHK VL",61756,757.9948
"08/17/2024 03:20:00","EDT","MILLWD",61759,285.2261
"08/17/2024 03:20:00","EDT","N.Y.C.",61761,5801.9985
"08/17/2024 03:20:00","EDT","NORTH",61755,622.1234
"08/17/2024 03:20:00","EDT","WEST",61752,1667.6931
"08/17/2024 03:25:00","EDT","CAPITL",61757,1280.3604
"08/17/2024 03:25:00","EDT","CENTRL",61754,1557.5477
"08/17/2024 03:25:00","EDT","DUNWOD",61760,646.565
"08/17/2024 03:25:00","EDT","GENESE",61753,1059.0078
"08/17/2024 03:25:00","EDT","HUD VL",61758,1072.4691
"08/17/2024 03:25:00","EDT","LONGIL",61762,2260.874
"08/17/2024 03:25:00","EDT","MHK VL",61756,733.868
"08/17/2024 03:25:00","EDT","MILLWD",61759,272.2717
"08/17/2024 03:25:00","EDT","N.Y.C.",61761,5776.656
"08/17/2024 03:25:00","EDT","NORTH",61755,618.1255
"08/17/2024 03:25:00","EDT","WEST",61752,1664.0725
"08/17/2024 03:30:00","EDT","CAPITL",61757,1283.0054
"08/17/2024 03:30:00","EDT","CENTRL",61754,1551.8695
"08/17/2024 03:30:00","EDT","DUNWOD",61760,639.7109
"08/17/2024 03:30:00","EDT","GENESE",61753,1060.8677
"08/17/2024 03:30:00","EDT","HUD VL",61758,1027.4573
"08/17/2024 03:30:00","EDT","LONGIL",61762,2276.121
"08/17/2024 03:30:00","EDT","MHK VL",61756,751.196
"08/17/2024 03:30:00","EDT","MILLWD",61759,277.575
"08/17/2024 03:30:00","EDT","N.Y.C.",61761,5773.6865
"08/17/2024 03:30:00","EDT","NORTH",61755,618.8671
"08/17/2024 03:30:00","EDT","WEST",61752,1675.4988
"08/17/2024 03:35:00","EDT","CAPITL",61757,1275.1311
"08/17/2024 03:35:00","EDT","CENTRL",61754,1520.5717
"08/17/2024 03:35:00","EDT","DUNWOD",61760,641.8081
"08/17/2024 03:35:00","EDT","GENESE",61753,1050.3076
"08/17/2024 03:35:00","EDT","HUD VL",61758,1024.0205
"08/17/2024 03:35:00","EDT","LONGIL",61762,2263.7344
"08/17/2024 03:35:00","EDT","MHK VL",61756,749.2261
"08/17/2024 03:35:00","EDT","MILLWD",61759,271.2174
"08/17/2024 03:35:00","EDT","N.Y.C.",61761,5743.5703
"08/17/2024 03:35:00","EDT","NORTH",61755,622.8048
"08/17/2024 03:35:00","EDT","WEST",61752,1682.5891
"08/17/2024 03:40:00","EDT","CAPITL",61757,1275.0247
"08/17/2024 03:40:00","EDT","CENTRL",61754,1492.6235
"08/17/2024 03:40:00","EDT","DUNWOD",61760,632.9551
"08/17/2024 03:40:00","EDT","GENESE",61753,1053.1747
"08/17/2024 03:40:00","EDT","HUD VL",61758,1039.5314
"08/17/2024 03:40:00","EDT","LONGIL",61762,2256.1477
"08/17/2024 03:40:00","EDT","MHK VL",61756,746.7001
"08/17/2024 03:40:00","EDT","MILLWD",61759,275.9401
"08/17/2024 03:40:00","EDT","N.Y.C.",61761,5750.7646
"08/17/2024 03:40:00","EDT","NORTH",61755,620.8453
"08/17/2024 03:40:00","EDT","WEST",61752,1654.3324
"08/17/2024 03:45:00","EDT","CAPITL",61757,1277.4973
"08/17/2024 03:45:00","EDT","CENTRL",61754,1541.2279
"08/17/2024 03:45:00","EDT","DUNWOD",61760,638.0266
"08/17/2024 03:45:00","EDT","GENESE",61753,1062.2817
"08/17/2024 03:45:00","EDT","HUD VL",61758,1034.0284
"08/17/2024 03:45:00","EDT","LONGIL",61762,2256.2505
"08/17/2024 03:45:00","EDT","MHK VL",61756,747.3524
"08/17/2024 03:45:00","EDT","MILLWD",61759,270.3868
"08/17/2024 03:45:00","EDT","N.Y.C.",61761,5729.1953
"08/17/2024 03:45:00","EDT","NORTH",61755,615.2559
"08/17/2024 03:45:00","EDT","WEST",61752,1654.071
"08/17/2024 03:50:00","EDT","CAPITL",61757,1267.1714
"08/17/2024 03:50:00","EDT","CENTRL",61754,1549.1882
"08/17/2024 03:50:00","EDT","DUNWOD",61760,631.3975
"08/17/2024 03:50:00","EDT","GENESE",61753,1052.1733
"08/17/2024 03:50:00","EDT","HUD VL",61758,1045.4451
"08/17/2024 03:50:00","EDT","LONGIL",61762,2242.7117
"08/17/2024 03:50:00","EDT","MHK VL",61756,749.1397
"08/17/2024 03:50:00","EDT","MILLWD",61759,277.3769
"08/17/2024 03:50:00","EDT","N.Y.C.",61761,5739.9033
"08/17/2024 03:50:00","EDT","NORTH",61755,610.8442
"08/17/2024 03:50:00","EDT","WEST",61752,1660.2668
"08/17/2024 03:55:00","EDT","CAPITL",61757,1271.2815
"08/17/2024 03:55:00","EDT","CENTRL",61754,1531.2361
"08/17/2024 03:55:00","EDT","DUNWOD",61760,633.627
"08/17/2024 03:55:00","EDT","GENESE",61753,1048.3474
"08/17/2024 03:55:00","EDT","HUD VL",61758,1013.1088
"08/17/2024 03:55:00","EDT","LONGIL",61762,2235.2969
"08/17/2024 03:55:00","EDT","MHK VL",61756,748.2764
"08/17/2024 03:55:00","EDT","MILLWD",61759,264.0973
"08/17/2024 03:55:00","EDT","N.Y.C.",61761,5711.8184
"08/17/2024 03:55:00","EDT","NORTH",61755,599.985
"08/17/2024 03:55:00","EDT","WEST",61752,1663.5953
"08/17/2024 04:00:00","EDT","CAPITL",61757,1265.4034
"08/17/2024 04:00:00","EDT","CENTRL",61754,1533.836
"08/17/2024 04:00:00","EDT","DUNWOD",61760,625.5913
"08/17/2024 04:00:00","EDT","GENESE",61753,1051.1328
"08/17/2024 04:00:00","EDT","HUD VL",61758,1012.0172
"08/17/2024 04:00:00","EDT","LONGIL",61762,2232.2095
"08/17/2024 04:00:00","EDT","MHK VL",61756,762.0678
"08/17/2024 04:00:00","EDT","MILLWD",61759,276.0705
"08/17/2024 04:00:00","EDT","N.Y.C.",61761,5723.745
"08/17/2024 04:00:00","EDT","NORTH",61755,612.873
"08/17/2024 04:00:00","EDT","WEST",61752,1652.735
"08/17/2024 04:05:00","EDT","CAPITL",61757,1259.4004
"08/17/2024 04:05:00","EDT","CENTRL",61754,1547.5989
"08/17/2024 04:05:00","EDT","DUNWOD",61760,635.8619
"08/17/2024 04:05:00","EDT","GENESE",61753,1054.4951
"08/17/2024 04:05:00","EDT","HUD VL",61758,1025.2336
"08/17/2024 04:05:00","EDT","LONGIL",61762,2230.8862
"08/17/2024 04:05:00","EDT","MHK VL",61756,758.8746
"08/17/2024 04:05:00","EDT","MILLWD",61759,270.1732
"08/17/2024 04:05:00","EDT","N.Y.C.",61761,5701.818
"08/17/2024 04:05:00","EDT","NORTH",61755,594.1516
"08/17/2024 04:05:00","EDT","WEST",61752,1641.5376
"08/17/2024 04:10:00","EDT","CAPITL",61757,1274.0579
"08/17/2024 04:10:00","EDT","CENTRL",61754,1538.0168
"08/17/2024 04:10:00","EDT","DUNWOD",61760,636.0162
"08/17/2024 04:10:00","EDT","GENESE",61753,1046.4126
"08/17/2024 04:10:00","EDT","HUD VL",61758,1032.4537
"08/17/2024 04:10:00","EDT","LONGIL",61762,2238.7212
"08/17/2024 04:10:00","EDT","MHK VL",61756,743.2979
"08/17/2024 04:10:00","EDT","MILLWD",61759,261.9992
"08/17/2024 04:10:00","EDT","N.Y.C.",61761,5697.1777
"08/17/2024 04:10:00","EDT","NORTH",61755,592.9468
"08/17/2024 04:10:00","EDT","WEST",61752,1645.3265
"08/17/2024 04:15:00","EDT","CAPITL",61757,1271.9565
"08/17/2024 04:15:00","EDT","CENTRL",61754,1549.3326
"08/17/2024 04:15:00","EDT","DUNWOD",61760,630.379
"08/17/2024 04:15:00","EDT","GENESE",61753,1044.1775
"08/17/2024 04:15:00","EDT","HUD VL",61758,1045.3599
"08/17/2024 04:15:00","EDT","LONGIL",61762,2243.8848
"08/17/2024 04:15:00","EDT","MHK VL",61756,746.7058
"08/17/2024 04:15:00","EDT","MILLWD",61759,268.0321
"08/17/2024 04:15:00","EDT","N.Y.C.",61761,5699.748
"08/17/2024 04:15:00","EDT","NORTH",61755,603.8746
"08/17/2024 04:15:00","EDT","WEST",61752,1639.2023
"08/17/2024 04:20:00","EDT","CAPITL",61757,1260.9302
"08/17/2024 04:20:00","EDT","CENTRL",61754,1505.2921
"08/17/2024 04:20:00","EDT","DUNWOD",61760,628.2925
"08/17/2024 04:20:00","EDT","GENESE",61753,1045.9193
"08/17/2024 04:20:00","EDT","HUD VL",61758,1030.033
"08/17/2024 04:20:00","EDT","LONGIL",61762,2240.4785
"08/17/2024 04:20:00","EDT","MHK VL",61756,755.4872
"08/17/2024 04:20:00","EDT","MILLWD",61759,274.5661
"08/17/2024 04:20:00","EDT","N.Y.C.",61761,5712.8223
"08/17/2024 04:20:00","EDT","NORTH",61755,600.872
"08/17/2024 04:20:00","EDT","WEST",61752,1664.8162
"08/17/2024 04:25:00","EDT","CAPITL",61757,1268.9517
"08/17/2024 04:25:00","EDT","CENTRL",61754,1530.3833
"08/17/2024 04:25:00","EDT","DUNWOD",61760,629.3624
"08/17/2024 04:25:00","EDT","GENESE",61753,1045.8983
"08/17/2024 04:25:00","EDT","HUD VL",61758,1029.9377
"08/17/2024 04:25:00","EDT","LONGIL",61762,2227.4187
"08/17/2024 04:25:00","EDT","MHK VL",61756,754.1775
"08/17/2024 04:25:00","EDT","MILLWD",61759,277.8202
"08/17/2024 04:25:00","EDT","N.Y.C.",61761,5688.459
"08/17/2024 04:25:00","EDT","NORTH",61755,606.85
"08/17/2024 04:25:00","EDT","WEST",61752,1660.1965
"08/17/2024 04:30:00","EDT","CAPITL",61757,1261.5784
"08/17/2024 04:30:00","EDT","CENTRL",61754,1531.6638
"08/17/2024 04:30:00","EDT","DUNWOD",61760,632.9832
"08/17/2024 04:30:00","EDT","GENESE",61753,1040.5039
"08/17/2024 04:30:00","EDT","HUD VL",61758,1037.8623
"08/17/2024 04:30:00","EDT","LONGIL",61762,2222.316
"08/17/2024 04:30:00","EDT","MHK VL",61756,738.2308
"08/17/2024 04:30:00","EDT","MILLWD",61759,268.57
"08/17/2024 04:30:00","EDT","N.Y.C.",61761,5685.868
"08/17/2024 04:30:00","EDT","NORTH",61755,601.4871
"08/17/2024 04:30:00","EDT","WEST",61752,1656.9619
"08/17/2024 04:35:00","EDT","CAPITL",61757,1270.0508
"08/17/2024 04:35:00","EDT","CENTRL",61754,1541.0132
"08/17/2024 04:35:00","EDT","DUNWOD",61760,627.6162
"08/17/2024 04:35:00","EDT","GENESE",61753,1037.5579
"08/17/2024 04:35:00","EDT","HUD VL",61758,1024.0547
"08/17/2024 04:35:00","EDT","LONGIL",61762,2212.2783
"08/17/2024 04:35:00","EDT","MHK VL",61756,756.4832
"08/17/2024 04:35:00","EDT","MILLWD",61759,277.287
"08/17/2024 04:35:00","EDT","N.Y.C.",61761,5686.549
"08/17/2024 04:35:00","EDT","NORTH",61755,594.2914
"08/17/2024 04:35:00","EDT","WEST",61752,1660.8351
"08/17/2024 04:40:00","EDT","CAPITL",61757,1264.7041
"08/17/2024 04:40:00","EDT","CENTRL",61754,1519.0771
"08/17/2024 04:40:00","EDT","DUNWOD",61760,631.2681
"08/17/2024 04:40:00","EDT","GENESE",61753,1040.571
"08/17/2024 04:40:00","EDT","HUD VL",61758,1032.9886
"08/17/2024 04:40:00","EDT","LONGIL",61762,2212.6108
"08/17/2024 04:40:00","EDT","MHK VL",61756,754.2479
"08/17/2024 04:40:00","EDT","MILLWD",61759,276.5426
"08/17/2024 04:40:00","EDT","N.Y.C.",61761,5705.0166
"08/17/2024 04:40:00","EDT","NORTH",61755,593.0013
"08/17/2024 04:40:00","EDT","WEST",61752,1637.8838
"08/17/2024 04:45:00","EDT","CAPITL",61757,1277.2006
"08/17/2024 04:45:00","EDT","CENTRL",61754,1521.1384
"08/17/2024 04:45:00","EDT","DUNWOD",61760,633.5991
"08/17/2024 04:45:00","EDT","GENESE",61753,1035.2402
"08/17/2024 04:45:00","EDT","HUD VL",61758,1026.01
"08/17/2024 04:45:00","EDT","LONGIL",61762,2212.5798
"08/17/2024 04:45:00","EDT","MHK VL",61756,751.2669
"08/17/2024 04:45:00","EDT","MILLWD",61759,257.0014
"08/17/2024 04:45:00","EDT","N.Y.C.",61761,5660.0176
"08/17/2024 04:45:00","EDT","NORTH",61755,592.8722
"08/17/2024 04:45:00","EDT","WEST",61752,1649.6348
"08/17/2024 04:50:00","EDT","CAPITL",61757,1261.5645
"08/17/2024 04:50:00","EDT","CENTRL",61754,1510.139
"08/17/2024 04:50:00","EDT","DUNWOD",61760,623.3253
"08/17/2024 04:50:00","EDT","GENESE",61753,1045.2274
"08/17/2024 04:50:00","EDT","HUD VL",61758,1024.7023
"08/17/2024 04:50:00","EDT","LONGIL",61762,2207.5256
"08/17/2024 04:50:00","EDT","MHK VL",61756,744.8413
"08/17/2024 04:50:00","EDT","MILLWD",61759,269.3231
"08/17/2024 04:50:00","EDT","N.Y.C.",61761,5681.8604
"08/17/2024 04:50:00","EDT","NORTH",61755,590.4719
"08/17/2024 04:50:00","EDT","WEST",61752,1638.5496
"08/17/2024 04:55:00","EDT","CAPITL",61757,1273.6906
"08/17/2024 04:55:00","EDT","CENTRL",61754,1528.2086
"08/17/2024 04:55:00","EDT","DUNWOD",61760,622.5555
"08/17/2024 04:55:00","EDT","GENESE",61753,1037.5334
"08/17/2024 04:55:00","EDT","HUD VL",61758,1018.4661
"08/17/2024 04:55:00","EDT","LONGIL",61762,2206.505
"08/17/2024 04:55:00","EDT","MHK VL",61756,749.4637
"08/17/2024 04:55:00","EDT","MILLWD",61759,269.8264
"08/17/2024 04:55:00","EDT","N.Y.C.",61761,5683.7334
"08/17/2024 04:55:00","EDT","NORTH",61755,583.3914
"08/17/2024 04:55:00","EDT","WEST",61752,1648.399
"08/17/2024 05:00:00","EDT","CAPITL",61757,1264.424
"08/17/2024 05:00:00","EDT","CENTRL",61754,1517.7754
"08/17/2024 05:00:00","EDT","DUNWOD",61760,631.5427
"08/17/2024 05:00:00","EDT","GENESE",61753,1041.1931
"08/17/2024 05:00:00","EDT","HUD VL",61758,1008.0377
"08/17/2024 05:00:00","EDT","LONGIL",61762,2213.7112
"08/17/2024 05:00:00","EDT","MHK VL",61756,750.964
"08/17/2024 05:00:00","EDT","MILLWD",61759,258.313
"08/17/2024 05:00:00","EDT","N.Y.C.",61761,5666.8667
"08/17/2024 05:00:00","EDT","NORTH",61755,588.5038
"08/17/2024 05:00:00","EDT","WEST",61752,1667.0441
"08/17/2024 05:05:00","EDT","CAPITL",61757,1263.9661
"08/17/2024 05:05:00","EDT","CENTRL",61754,1485.3014
"08/17/2024 05:05:00","EDT","DUNWOD",61760,623.04
"08/17/2024 05:05:00","EDT","GENESE",61753,1031.1965
"08/17/2024 05:05:00","EDT","HUD VL",61758,1008.1158
"08/17/2024 05:05:00","EDT","LONGIL",61762,2208.6787
"08/17/2024 05:05:00","EDT","MHK VL",61756,756.2507
"08/17/2024 05:05:00","EDT","MILLWD",61759,272.8213
"08/17/2024 05:05:00","EDT","N.Y.C.",61761,5690.1826
"08/17/2024 05:05:00","EDT","NORTH",61755,601.4414
"08/17/2024 05:05:00","EDT","WEST",61752,1652.6008
"08/17/2024 05:10:00","EDT","CAPITL",61757,1267.9019
"08/17/2024 05:10:00","EDT","CENTRL",61754,1542.9016
"08/17/2024 05:10:00","EDT","DUNWOD",61760,618.7947
"08/17/2024 05:10:00","EDT","GENESE",61753,1040.1309
"08/17/2024 05:10:00","EDT","HUD VL",61758,1033.3547
"08/17/2024 05:10:00","EDT","LONGIL",61762,2221.0122
"08/17/2024 05:10:00","EDT","MHK VL",61756,746.3496
"08/17/2024 05:10:00","EDT","MILLWD",61759,274.7662
"08/17/2024 05:10:00","EDT","N.Y.C.",61761,5694.915
"08/17/2024 05:10:00","EDT","NORTH",61755,593.3832
"08/17/2024 05:10:00","EDT","WEST",61752,1644.7317
"08/17/2024 05:15:00","EDT","CAPITL",61757,1273.3362
"08/17/2024 05:15:00","EDT","CENTRL",61754,1508.2094
"08/17/2024 05:15:00","EDT","DUNWOD",61760,624.7438
"08/17/2024 05:15:00","EDT","GENESE",61753,1036.4775
"08/17/2024 05:15:00","EDT","HUD VL",61758,1007.4536
"08/17/2024 05:15:00","EDT","LONGIL",61762,2218.3503
"08/17/2024 05:15:00","EDT","MHK VL",61756,770.0032
"08/17/2024 05:15:00","EDT","MILLWD",61759,271.3675
"08/17/2024 05:15:00","EDT","N.Y.C.",61761,5682.7266
"08/17/2024 05:15:00","EDT","NORTH",61755,593.7792
"08/17/2024 05:15:00","EDT","WEST",61752,1661.6582
"08/17/2024 05:20:00","EDT","CAPITL",61757,1259.5316
"08/17/2024 05:20:00","EDT","CENTRL",61754,1545.4994
"08/17/2024 05:20:00","EDT","DUNWOD",61760,627.4896
"08/17/2024 05:20:00","EDT","GENESE",61753,1040.2712
"08/17/2024 05:20:00","EDT","HUD VL",61758,1020.9951
"08/17/2024 05:20:00","EDT","LONGIL",61762,2223.3113
"08/17/2024 05:20:00","EDT","MHK VL",61756,760.58
"08/17/2024 05:20:00","EDT","MILLWD",61759,267.7532
"08/17/2024 05:20:00","EDT","N.Y.C.",61761,5700.959
"08/17/2024 05:20:00","EDT","NORTH",61755,592.136
"08/17/2024 05:20:00","EDT","WEST",61752,1653.8167
"08/17/2024 05:25:00","EDT","CAPITL",61757,1274.3486
"08/17/2024 05:25:00","EDT","CENTRL",61754,1553.1683
"08/17/2024 05:25:00","EDT","DUNWOD",61760,625.4764
"08/17/2024 05:25:00","EDT","GENESE",61753,1036.1405
"08/17/2024 05:25:00","EDT","HUD VL",61758,1027.5067
"08/17/2024 05:25:00","EDT","LONGIL",61762,2227.0469
"08/17/2024 05:25:00","EDT","MHK VL",61756,747.4169
"08/17/2024 05:25:00","EDT","MILLWD",61759,263.9042
"08/17/2024 05:25:00","EDT","N.Y.C.",61761,5719.515
"08/17/2024 05:25:00","EDT","NORTH",61755,599.3411
"08/17/2024 05:25:00","EDT","WEST",61752,1659.7429
"08/17/2024 05:30:00","EDT","CAPITL",61757,1269.7625
"08/17/2024 05:30:00","EDT","CENTRL",61754,1527.0746
"08/17/2024 05:30:00","EDT","DUNWOD",61760,626.0673
"08/17/2024 05:30:00","EDT","GENESE",61753,1040.5132
"08/17/2024 05:30:00","EDT","HUD VL",61758,1008.4062
"08/17/2024 05:30:00","EDT","LONGIL",61762,2233.6848
"08/17/2024 05:30:00","EDT","MHK VL",61756,775.2151
"08/17/2024 05:30:00","EDT","MILLWD",61759,272.7051
"08/17/2024 05:30:00","EDT","N.Y.C.",61761,5693.424
"08/17/2024 05:30:00","EDT","NORTH",61755,597.5813
"08/17/2024 05:30:00","EDT","WEST",61752,1659.8772
"08/17/2024 05:35:00","EDT","CAPITL",61757,1258.381
"08/17/2024 05:35:00","EDT","CENTRL",61754,1551.7349
"08/17/2024 05:35:00","EDT","DUNWOD",61760,627.6022
"08/17/2024 05:35:00","EDT","GENESE",61753,1040.6759
"08/17/2024 05:35:00","EDT","HUD VL",61758,997.7878
"08/17/2024 05:35:00","EDT","LONGIL",61762,2242.4714
"08/17/2024 05:35:00","EDT","MHK VL",61756,775.2954
"08/17/2024 05:35:00","EDT","MILLWD",61759,272.7566
"08/17/2024 05:35:00","EDT","N.Y.C.",61761,5720.26
"08/17/2024 05:35:00","EDT","NORTH",61755,592.5642
"08/17/2024 05:35:00","EDT","WEST",61752,1646.0084
"08/17/2024 05:40:00","EDT","CAPITL",61757,1276.4291
"08/17/2024 05:40:00","EDT","CENTRL",61754,1542.9553
"08/17/2024 05:40:00","EDT","DUNWOD",61760,634.0561
"08/17/2024 05:40:00","EDT","GENESE",61753,1044.7249
"08/17/2024 05:40:00","EDT","HUD VL",61758,1007.4768
"08/17/2024 05:40:00","EDT","LONGIL",61762,2234.1619
"08/17/2024 05:40:00","EDT","MHK VL",61756,764.2756
"08/17/2024 05:40:00","EDT","MILLWD",61759,269.1874
"08/17/2024 05:40:00","EDT","N.Y.C.",61761,5706.3584
"08/17/2024 05:40:00","EDT","NORTH",61755,597.915
"08/17/2024 05:40:00","EDT","WEST",61752,1663.285
"08/17/2024 05:45:00","EDT","CAPITL",61757,1276.9814
"08/17/2024 05:45:00","EDT","CENTRL",61754,1511.1775
"08/17/2024 05:45:00","EDT","DUNWOD",61760,623.4721
"08/17/2024 05:45:00","EDT","GENESE",61753,1038.313
"08/17/2024 05:45:00","EDT","HUD VL",61758,992.8514
"08/17/2024 05:45:00","EDT","LONGIL",61762,2231.8872
"08/17/2024 05:45:00","EDT","MHK VL",61756,762.1138
"08/17/2024 05:45:00","EDT","MILLWD",61759,265.9437
"08/17/2024 05:45:00","EDT","N.Y.C.",61761,5734.231
"08/17/2024 05:45:00","EDT","NORTH",61755,595.744
"08/17/2024 05:45:00","EDT","WEST",61752,1678.417
"08/17/2024 05:50:00","EDT","CAPITL",61757,1269.3203
"08/17/2024 05:50:00","EDT","CENTRL",61754,1507.0887
"08/17/2024 05:50:00","EDT","DUNWOD",61760,626.5599
"08/17/2024 05:50:00","EDT","GENESE",61753,1039.4744
"08/17/2024 05:50:00","EDT","HUD VL",61758,1023.7972
"08/17/2024 05:50:00","EDT","LONGIL",61762,2245.3315
"08/17/2024 05:50:00","EDT","MHK VL",61756,751.1898
"08/17/2024 05:50:00","EDT","MILLWD",61759,277.5116
"08/17/2024 05:50:00","EDT","N.Y.C.",61761,5738.5664
"08/17/2024 05:50:00","EDT","NORTH",61755,597.3657
"08/17/2024 05:50:00","EDT","WEST",61752,1655.0469
"08/17/2024 05:55:00","EDT","CAPITL",61757,1271.6759
"08/17/2024 05:55:00","EDT","CENTRL",61754,1543.1611
"08/17/2024 05:55:00","EDT","DUNWOD",61760,634.8057
"08/17/2024 05:55:00","EDT","GENESE",61753,1043.7922
"08/17/2024 05:55:00","EDT","HUD VL",61758,999.9017
"08/17/2024 05:55:00","EDT","LONGIL",61762,2226.3604
"08/17/2024 05:55:00","EDT","MHK VL",61756,776.8917
"08/17/2024 05:55:00","EDT","MILLWD",61759,266.5724
"08/17/2024 05:55:00","EDT","N.Y.C.",61761,5735.125
"08/17/2024 05:55:00","EDT","NORTH",61755,598.8784
"08/17/2024 05:55:00","EDT","WEST",61752,1675.6494
"08/17/2024 06:00:00","EDT","CAPITL",61757,1289.1968
"08/17/2024 06:00:00","EDT","CENTRL",61754,1560.5758
"08/17/2024 06:00:00","EDT","DUNWOD",61760,625.6325
"08/17/2024 06:00:00","EDT","GENESE",61753,1038.8739
"08/17/2024 06:00:00","EDT","HUD VL",61758,1020.2922
"08/17/2024 06:00:00","EDT","LONGIL",61762,2240.3076
"08/17/2024 06:00:00","EDT","MHK VL",61756,772.5472
"08/17/2024 06:00:00","EDT","MILLWD",61759,276.352
"08/17/2024 06:00:00","EDT","N.Y.C.",61761,5757.607
"08/17/2024 06:00:00","EDT","NORTH",61755,599.7524
"08/17/2024 06:00:00","EDT","WEST",61752,1674.0193
"08/17/2024 06:05:00","EDT","CAPITL",61757,1246.6438
"08/17/2024 06:05:00","EDT","CENTRL",61754,1552.7236
"08/17/2024 06:05:00","EDT","DUNWOD",61760,633.7076
"08/17/2024 06:05:00","EDT","GENESE",61753,1040.6013
"08/17/2024 06:05:00","EDT","HUD VL",61758,1014.5126
"08/17/2024 06:05:00","EDT","LONGIL",61762,2228.469
"08/17/2024 06:05:00","EDT","MHK VL",61756,764.5763
"08/17/2024 06:05:00","EDT","MILLWD",61759,281.2571
"08/17/2024 06:05:00","EDT","N.Y.C.",61761,5733.573
"08/17/2024 06:05:00","EDT","NORTH",61755,624.0271
"08/17/2024 06:05:00","EDT","WEST",61752,1697.4768
"08/17/2024 06:10:00","EDT","CAPITL",61757,1279.7211
"08/17/2024 06:10:00","EDT","CENTRL",61754,1546.0546
"08/17/2024 06:10:00","EDT","DUNWOD",61760,632.4291
"08/17/2024 06:10:00","EDT","GENESE",61753,1051.6504
"08/17/2024 06:10:00","EDT","HUD VL",61758,1031.2782
"08/17/2024 06:10:00","EDT","LONGIL",61762,2235.489
"08/17/2024 06:10:00","EDT","MHK VL",61756,781.427
"08/17/2024 06:10:00","EDT","MILLWD",61759,274.7936
"08/17/2024 06:10:00","EDT","N.Y.C.",61761,5761.6875
"08/17/2024 06:10:00","EDT","NORTH",61755,614.0216
"08/17/2024 06:10:00","EDT","WEST",61752,1686.8724
"08/17/2024 06:15:00","EDT","CAPITL",61757,1274.5085
"08/17/2024 06:15:00","EDT","CENTRL",61754,1556.6306
"08/17/2024 06:15:00","EDT","DUNWOD",61760,633.7263
"08/17/2024 06:15:00","EDT","GENESE",61753,1048.6614
"08/17/2024 06:15:00","EDT","HUD VL",61758,1054.5378
"08/17/2024 06:15:00","EDT","LONGIL",61762,2244.4485
"08/17/2024 06:15:00","EDT","MHK VL",61756,776.0927
"08/17/2024 06:15:00","EDT","MILLWD",61759,271.2344
"08/17/2024 06:15:00","EDT","N.Y.C.",61761,5766.9863
"08/17/2024 06:15:00","EDT","NORTH",61755,610.8774
"08/17/2024 06:15:00","EDT","WEST",61752,1687.4133
"08/17/2024 06:20:00","EDT","CAPITL",61757,1273.8495
"08/17/2024 06:20:00","EDT","CENTRL",61754,1568.0072
"08/17/2024 06:20:00","EDT","DUNWOD",61760,634.9763
"08/17/2024 06:20:00","EDT","GENESE",61753,1046.8832
"08/17/2024 06:20:00","EDT","HUD VL",61758,1033.771
"08/17/2024 06:20:00","EDT","LONGIL",61762,2243.8926
"08/17/2024 06:20:00","EDT","MHK VL",61756,785.1503
"08/17/2024 06:20:00","EDT","MILLWD",61759,286.5278
"08/17/2024 06:20:00","EDT","N.Y.C.",61761,5806.6455
"08/17/2024 06:20:00","EDT","NORTH",61755,616.6408
"08/17/2024 06:20:00","EDT","WEST",61752,1683.0024
"08/17/2024 06:25:00","EDT","CAPITL",61757,1282.8059
"08/17/2024 06:25:00","EDT","CENTRL",61754,1564.8682
"08/17/2024 06:25:00","EDT","DUNWOD",61760,642.8693
"08/17/2024 06:25:00","EDT","GENESE",61753,1046.0806
"08/17/2024 06:25:00","EDT","HUD VL",61758,1067.8019
"08/17/2024 06:25:00","EDT","LONGIL",61762,2246.1313
"08/17/2024 06:25:00","EDT","MHK VL",61756,780.018
"08/17/2024 06:25:00","EDT","MILLWD",61759,262.8825
"08/17/2024 06:25:00","EDT","N.Y.C.",61761,5800.8594
"08/17/2024 06:25:00","EDT","NORTH",61755,623.5222
"08/17/2024 06:25:00","EDT","WEST",61752,1672.1937
"08/17/2024 06:30:00","EDT","CAPITL",61757,1283.6658
"08/17/2024 06:30:00","EDT","CENTRL",61754,1540.3789
"08/17/2024 06:30:00","EDT","DUNWOD",61760,635.9554
"08/17/2024 06:30:00","EDT","GENESE",61753,1045.2963
"08/17/2024 06:30:00","EDT","HUD VL",61758,1029.1082
"08/17/2024 06:30:00","EDT","LONGIL",61762,2264.6284
"08/17/2024 06:30:00","EDT","MHK VL",61756,798.3311
"08/17/2024 06:30:00","EDT","MILLWD",61759,273.784
"08/17/2024 06:30:00","EDT","N.Y.C.",61761,5812.277
"08/17/2024 06:30:00","EDT","NORTH",61755,603.6533
"08/17/2024 06:30:00","EDT","WEST",61752,1687.0664
"08/17/2024 06:35:00","EDT","CAPITL",61757,1274.1287
"08/17/2024 06:35:00","EDT","CENTRL",61754,1556.0205
"08/17/2024 06:35:00","EDT","DUNWOD",61760,633.0618
"08/17/2024 06:35:00","EDT","GENESE",61753,1036.7771
"08/17/2024 06:35:00","EDT","HUD VL",61758,1048.933
"08/17/2024 06:35:00","EDT","LONGIL",61762,2274.8633
"08/17/2024 06:35:00","EDT","MHK VL",61756,770.5803
"08/17/2024 06:35:00","EDT","MILLWD",61759,288.7738
"08/17/2024 06:35:00","EDT","N.Y.C.",61761,5817.845
"08/17/2024 06:35:00","EDT","NORTH",61755,620.8322
"08/17/2024 06:35:00","EDT","WEST",61752,1679.7465
"08/17/2024 06:40:00","EDT","CAPITL",61757,1295.0808
"08/17/2024 06:40:00","EDT","CENTRL",61754,1555.9965
"08/17/2024 06:40:00","EDT","DUNWOD",61760,634.5243
"08/17/2024 06:40:00","EDT","GENESE",61753,1042.705
"08/17/2024 06:40:00","EDT","HUD VL",61758,1025.6517
"08/17/2024 06:40:00","EDT","LONGIL",61762,2279.71
"08/17/2024 06:40:00","EDT","MHK VL",61756,796.3782
"08/17/2024 06:40:00","EDT","MILLWD",61759,275.7893
"08/17/2024 06:40:00","EDT","N.Y.C.",61761,5829.1406
"08/17/2024 06:40:00","EDT","NORTH",61755,602.4144
"08/17/2024 06:40:00","EDT","WEST",61752,1675.4851
"08/17/2024 06:45:00","EDT","CAPITL",61757,1285.06
"08/17/2024 06:45:00","EDT","CENTRL",61754,1571.8605
"08/17/2024 06:45:00","EDT","DUNWOD",61760,642.1443
"08/17/2024 06:45:00","EDT","GENESE",61753,1038.6462
"08/17/2024 06:45:00","EDT","HUD VL",61758,1049.1102
"08/17/2024 06:45:00","EDT","LONGIL",61762,2261.501
"08/17/2024 06:45:00","EDT","MHK VL",61756,798.0398
"08/17/2024 06:45:00","EDT","MILLWD",61759,286.4807
"08/17/2024 06:45:00","EDT","N.Y.C.",61761,5830.655
"08/17/2024 06:45:00","EDT","NORTH",61755,626.9027
"08/17/2024 06:45:00","EDT","WEST",61752,1691.5273
"08/17/2024 06:50:00","EDT","CAPITL",61757,1300.4453
"08/17/2024 06:50:00","EDT","CENTRL",61754,1578.9739
"08/17/2024 06:50:00","EDT","DUNWOD",61760,635.1609
"08/17/2024 06:50:00","EDT","GENESE",61753,1036.8411
"08/17/2024 06:50:00","EDT","HUD VL",61758,1022.236
"08/17/2024 06:50:00","EDT","LONGIL",61762,2266.396
"08/17/2024 06:50:00","EDT","MHK VL",61756,803.605
"08/17/2024 06:50:00","EDT","MILLWD",61759,284.6289
"08/17/2024 06:50:00","EDT","N.Y.C.",61761,5859.9355
"08/17/2024 06:50:00","EDT","NORTH",61755,592.8265
"08/17/2024 06:50:00","EDT","WEST",61752,1698.844
"08/17/2024 06:55:00","EDT","CAPITL",61757,1306.1228
"08/17/2024 06:55:00","EDT","CENTRL",61754,1561.293
"08/17/2024 06:55:00","EDT","DUNWOD",61760,639.0686
"08/17/2024 06:55:00","EDT","GENESE",61753,1050.8394
"08/17/2024 06:55:00","EDT","HUD VL",61758,1035.2404
"08/17/2024 06:55:00","EDT","LONGIL",61762,2268.0664
"08/17/2024 06:55:00","EDT","MHK VL",61756,794.2594
"08/17/2024 06:55:00","EDT","MILLWD",61759,275.0606
"08/17/2024 06:55:00","EDT","N.Y.C.",61761,5869.215
"08/17/2024 06:55:00","EDT","NORTH",61755,596.1805
"08/17/2024 06:55:00","EDT","WEST",61752,1673.0278
"08/17/2024 07:00:00","EDT","CAPITL",61757,1287.4242
"08/17/2024 07:00:00","EDT","CENTRL",61754,1580.5842
"08/17/2024 07:00:00","EDT","DUNWOD",61760,636.1987
"08/17/2024 07:00:00","EDT","GENESE",61753,1041.8003
"08/17/2024 07:00:00","EDT","HUD VL",61758,1059.7667
"08/17/2024 07:00:00","EDT","LONGIL",61762,2275.9016
"08/17/2024 07:00:00","EDT","MHK VL",61756,800.2296
"08/17/2024 07:00:00","EDT","MILLWD",61759,286.0245
"08/17/2024 07:00:00","EDT","N.Y.C.",61761,5866.3745
"08/17/2024 07:00:00","EDT","NORTH",61755,590.735
"08/17/2024 07:00:00","EDT","WEST",61752,1689.7021
"08/17/2024 07:05:00","EDT","CAPITL",61757,1305.8663
"08/17/2024 07:05:00","EDT","CENTRL",61754,1580.5323
"08/17/2024 07:05:00","EDT","DUNWOD",61760,657.2222
"08/17/2024 07:05:00","EDT","GENESE",61753,1052.8773
"08/17/2024 07:05:00","EDT","HUD VL",61758,1066.9801
"08/17/2024 07:05:00","EDT","LONGIL",61762,2294.5654
"08/17/2024 07:05:00","EDT","MHK VL",61756,808.4423
"08/17/2024 07:05:00","EDT","MILLWD",61759,272.2891
"08/17/2024 07:05:00","EDT","N.Y.C.",61761,5902.6284
"08/17/2024 07:05:00","EDT","NORTH",61755,591.2449
"08/17/2024 07:05:00","EDT","WEST",61752,1682.5544
"08/17/2024 07:10:00","EDT","CAPITL",61757,1299.6941
"08/17/2024 07:10:00","EDT","CENTRL",61754,1602.2883
"08/17/2024 07:10:00","EDT","DUNWOD",61760,663.2302
"08/17/2024 07:10:00","EDT","GENESE",61753,1056.2037
"08/17/2024 07:10:00","EDT","HUD VL",61758,1061.6691
"08/17/2024 07:10:00","EDT","LONGIL",61762,2302.63
"08/17/2024 07:10:00","EDT","MHK VL",61756,813.1228
"08/17/2024 07:10:00","EDT","MILLWD",61759,282.004
"08/17/2024 07:10:00","EDT","N.Y.C.",61761,5928.9814
"08/17/2024 07:10:00","EDT","NORTH",61755,605.8051
"08/17/2024 07:10:00","EDT","WEST",61752,1692.3276
"08/17/2024 07:15:00","EDT","CAPITL",61757,1310.221
"08/17/2024 07:15:00","EDT","CENTRL",61754,1553.0562
"08/17/2024 07:15:00","EDT","DUNWOD",61760,660.5547
"08/17/2024 07:15:00","EDT","GENESE",61753,1057.3994
"08/17/2024 07:15:00","EDT","HUD VL",61758,1073.6547
"08/17/2024 07:15:00","EDT","LONGIL",61762,2307.5352
"08/17/2024 07:15:00","EDT","MHK VL",61756,803.7172
"08/17/2024 07:15:00","EDT","MILLWD",61759,282.7521
"08/17/2024 07:15:00","EDT","N.Y.C.",61761,5959.014
"08/17/2024 07:15:00","EDT","NORTH",61755,608.1586
"08/17/2024 07:15:00","EDT","WEST",61752,1708.9648
"08/17/2024 07:20:00","EDT","CAPITL",61757,1313.8333
"08/17/2024 07:20:00","EDT","CENTRL",61754,1576.5903
"08/17/2024 07:20:00","EDT","DUNWOD",61760,667.3797
"08/17/2024 07:20:00","EDT","GENESE",61753,1062.7554
"08/17/2024 07:20:00","EDT","HUD VL",61758,1066.7118
"08/17/2024 07:20:00","EDT","LONGIL",61762,2324.7285
"08/17/2024 07:20:00","EDT","MHK VL",61756,788.5468
"08/17/2024 07:20:00","EDT","MILLWD",61759,289.082
"08/17/2024 07:20:00","EDT","N.Y.C.",61761,5979.2393
"08/17/2024 07:20:00","EDT","NORTH",61755,606.4441
"08/17/2024 07:20:00","EDT","WEST",61752,1711.1865
"08/17/2024 07:25:00","EDT","CAPITL",61757,1322.8391
"08/17/2024 07:25:00","EDT","CENTRL",61754,1599.9742
"08/17/2024 07:25:00","EDT","DUNWOD",61760,651.9119
"08/17/2024 07:25:00","EDT","GENESE",61753,1060.7252
"08/17/2024 07:25:00","EDT","HUD VL",61758,1057.184
"08/17/2024 07:25:00","EDT","LONGIL",61762,2351.607
"08/17/2024 07:25:00","EDT","MHK VL",61756,809.8419
"08/17/2024 07:25:00","EDT","MILLWD",61759,302.5252
"08/17/2024 07:25:00","EDT","N.Y.C.",61761,6009.5
"08/17/2024 07:25:00","EDT","NORTH",61755,600.1661
"08/17/2024 07:25:00","EDT","WEST",61752,1717.66
"08/17/2024 07:30:00","EDT","CAPITL",61757,1323.1027
"08/17/2024 07:30:00","EDT","CENTRL",61754,1612.1075
"08/17/2024 07:30:00","EDT","DUNWOD",61760,676.249
"08/17/2024 07:30:00","EDT","GENESE",61753,1063.044
"08/17/2024 07:30:00","EDT","HUD VL",61758,1068.8562
"08/17/2024 07:30:00","EDT","LONGIL",61762,2367.051
"08/17/2024 07:30:00","EDT","MHK VL",61756,808.4666
"08/17/2024 07:30:00","EDT","MILLWD",61759,298.2215
"08/17/2024 07:30:00","EDT","N.Y.C.",61761,5999.8496
"08/17/2024 07:30:00","EDT","NORTH",61755,614.9656
"08/17/2024 07:30:00","EDT","WEST",61752,1731.1926
"08/17/2024 07:35:00","EDT","CAPITL",61757,1319.4858
"08/17/2024 07:35:00","EDT","CENTRL",61754,1629.9264
"08/17/2024 07:35:00","EDT","DUNWOD",61760,663.0871
"08/17/2024 07:35:00","EDT","GENESE",61753,1062.4016
"08/17/2024 07:35:00","EDT","HUD VL",61758,1084.6725
"08/17/2024 07:35:00","EDT","LONGIL",61762,2357.3506
"08/17/2024 07:35:00","EDT","MHK VL",61756,807.809
"08/17/2024 07:35:00","EDT","MILLWD",61759,288.5466
"08/17/2024 07:35:00","EDT","N.Y.C.",61761,6020.463
"08/17/2024 07:35:00","EDT","NORTH",61755,604.1443
"08/17/2024 07:35:00","EDT","WEST",61752,1731.3668
"08/17/2024 07:40:00","EDT","CAPITL",61757,1332.6473
"08/17/2024 07:40:00","EDT","CENTRL",61754,1596.5521
"08/17/2024 07:40:00","EDT","DUNWOD",61760,675.6953
"08/17/2024 07:40:00","EDT","GENESE",61753,1065.6608
"08/17/2024 07:40:00","EDT","HUD VL",61758,1075.8595
"08/17/2024 07:40:00","EDT","LONGIL",61762,2375.0623
"08/17/2024 07:40:00","EDT","MHK VL",61756,828.4907
"08/17/2024 07:40:00","EDT","MILLWD",61759,286.2249
"08/17/2024 07:40:00","EDT","N.Y.C.",61761,6051.044
"08/17/2024 07:40:00","EDT","NORTH",61755,608.9839
"08/17/2024 07:40:00","EDT","WEST",61752,1731.1753
"08/17/2024 07:45:00","EDT","CAPITL",61757,1323.6718
"08/17/2024 07:45:00","EDT","CENTRL",61754,1613.1575
"08/17/2024 07:45:00","EDT","DUNWOD",61760,665.3937
"08/17/2024 07:45:00","EDT","GENESE",61753,1077.4613
"08/17/2024 07:45:00","EDT","HUD VL",61758,1078.9238
"08/17/2024 07:45:00","EDT","LONGIL",61762,2393.2842
"08/17/2024 07:45:00","EDT","MHK VL",61756,817.454
"08/17/2024 07:45:00","EDT","MILLWD",61759,293.9751
"08/17/2024 07:45:00","EDT","N.Y.C.",61761,6078.9214
"08/17/2024 07:45:00","EDT","NORTH",61755,612.9011
"08/17/2024 07:45:00","EDT","WEST",61752,1735.7205
"08/17/2024 07:50:00","EDT","CAPITL",61757,1326.8973
"08/17/2024 07:50:00","EDT","CENTRL",61754,1608.0797
"08/17/2024 07:50:00","EDT","DUNWOD",61760,672.5903
"08/17/2024 07:50:00","EDT","GENESE",61753,1078.8441
"08/17/2024 07:50:00","EDT","HUD VL",61758,1079.2557
"08/17/2024 07:50:00","EDT","LONGIL",61762,2394.0112
"08/17/2024 07:50:00","EDT","MHK VL",61756,837.6268
"08/17/2024 07:50:00","EDT","MILLWD",61759,297.6455
"08/17/2024 07:50:00","EDT","N.Y.C.",61761,6089.6396
"08/17/2024 07:50:00","EDT","NORTH",61755,597.0554
"08/17/2024 07:50:00","EDT","WEST",61752,1751.7858
"08/17/2024 07:55:00","EDT","CAPITL",61757,1338.5034
"08/17/2024 07:55:00","EDT","CENTRL",61754,1615.0078
"08/17/2024 07:55:00","EDT","DUNWOD",61760,684.1506
"08/17/2024 07:55:00","EDT","GENESE",61753,1084.6901
"08/17/2024 07:55:00","EDT","HUD VL",61758,1089.1945
"08/17/2024 07:55:00","EDT","LONGIL",61762,2413.6719
"08/17/2024 07:55:00","EDT","MHK VL",61756,842.1364
"08/17/2024 07:55:00","EDT","MILLWD",61759,304.6712
"08/17/2024 07:55:00","EDT","N.Y.C.",61761,6102.083
"08/17/2024 07:55:00","EDT","NORTH",61755,603.9023
"08/17/2024 07:55:00","EDT","WEST",61752,1745.2534
"08/17/2024 08:00:00","EDT","CAPITL",61757,1352.0957
"08/17/2024 08:00:00","EDT","CENTRL",61754,1611.5077
"08/17/2024 08:00:00","EDT","DUNWOD",61760,668.8922
"08/17/2024 08:00:00","EDT","GENESE",61753,1083.6499
"08/17/2024 08:00:00","EDT","HUD VL",61758,1095.0508
"08/17/2024 08:00:00","EDT","LONGIL",61762,2427.228
"08/17/2024 08:00:00","EDT","MHK VL",61756,832.4252
"08/17/2024 08:00:00","EDT","MILLWD",61759,301.7436
"08/17/2024 08:00:00","EDT","N.Y.C.",61761,6113.5117
"08/17/2024 08:00:00","EDT","NORTH",61755,605.3675
"08/17/2024 08:00:00","EDT","WEST",61752,1755.9414
"08/17/2024 08:05:00","EDT","CAPITL",61757,1366.0034
"08/17/2024 08:05:00","EDT","CENTRL",61754,1580.7303
"08/17/2024 08:05:00","EDT","DUNWOD",61760,673.2371
"08/17/2024 08:05:00","EDT","GENESE",61753,1081.0742
"08/17/2024 08:05:00","EDT","HUD VL",61758,1092.3126
"08/17/2024 08:05:00","EDT","LONGIL",61762,2447.6064
"08/17/2024 08:05:00","EDT","MHK VL",61756,831.187
"08/17/2024 08:05:00","EDT","MILLWD",61759,295.4363
"08/17/2024 08:05:00","EDT","N.Y.C.",61761,6129.442
"08/17/2024 08:05:00","EDT","NORTH",61755,610.8076
"08/17/2024 08:05:00","EDT","WEST",61752,1774.5165
"08/17/2024 08:10:00","EDT","CAPITL",61757,1353.6313
"08/17/2024 08:10:00","EDT","CENTRL",61754,1581.1094
"08/17/2024 08:10:00","EDT","DUNWOD",61760,681.4802
"08/17/2024 08:10:00","EDT","GENESE",61753,1084.5026
"08/17/2024 08:10:00","EDT","HUD VL",61758,1100.812
"08/17/2024 08:10:00","EDT","LONGIL",61762,2478.9314
"08/17/2024 08:10:00","EDT","MHK VL",61756,850.9415
"08/17/2024 08:10:00","EDT","MILLWD",61759,313.3491
"08/17/2024 08:10:00","EDT","N.Y.C.",61761,6176.5986
"08/17/2024 08:10:00","EDT","NORTH",61755,606.7366
"08/17/2024 08:10:00","EDT","WEST",61752,1784.3093
"08/17/2024 08:15:00","EDT","CAPITL",61757,1366.7893
"08/17/2024 08:15:00","EDT","CENTRL",61754,1599.3607
"08/17/2024 08:15:00","EDT","DUNWOD",61760,692.8076
"08/17/2024 08:15:00","EDT","GENESE",61753,1080.8672
"08/17/2024 08:15:00","EDT","HUD VL",61758,1133.8905
"08/17/2024 08:15:00","EDT","LONGIL",61762,2479.9644
"08/17/2024 08:15:00","EDT","MHK VL",61756,845.2812
"08/17/2024 08:15:00","EDT","MILLWD",61759,294.2249
"08/17/2024 08:15:00","EDT","N.Y.C.",61761,6176.7656
"08/17/2024 08:15:00","EDT","NORTH",61755,616.5826
"08/17/2024 08:15:00","EDT","WEST",61752,1782.7238
"08/17/2024 08:20:00","EDT","CAPITL",61757,1365.2217
"08/17/2024 08:20:00","EDT","CENTRL",61754,1625.558
"08/17/2024 08:20:00","EDT","DUNWOD",61760,693.4565
"08/17/2024 08:20:00","EDT","GENESE",61753,1078.4414
"08/17/2024 08:20:00","EDT","HUD VL",61758,1118.9185
"08/17/2024 08:20:00","EDT","LONGIL",61762,2498.9514
"08/17/2024 08:20:00","EDT","MHK VL",61756,842.9715
"08/17/2024 08:20:00","EDT","MILLWD",61759,311.8187
"08/17/2024 08:20:00","EDT","N.Y.C.",61761,6197.167
"08/17/2024 08:20:00","EDT","NORTH",61755,628.4712
"08/17/2024 08:20:00","EDT","WEST",61752,1797.9235
"08/17/2024 08:25:00","EDT","CAPITL",61757,1359.44
"08/17/2024 08:25:00","EDT","CENTRL",61754,1629.0397
"08/17/2024 08:25:00","EDT","DUNWOD",61760,690.9023
"08/17/2024 08:25:00","EDT","GENESE",61753,1078.6788
"08/17/2024 08:25:00","EDT","HUD VL",61758,1101.7905
"08/17/2024 08:25:00","EDT","LONGIL",61762,2507.974
"08/17/2024 08:25:00","EDT","MHK VL",61756,861.131
"08/17/2024 08:25:00","EDT","MILLWD",61759,312.0409
"08/17/2024 08:25:00","EDT","N.Y.C.",61761,6231.1885
"08/17/2024 08:25:00","EDT","NORTH",61755,631.5452
"08/17/2024 08:25:00","EDT","WEST",61752,1793.7515
"08/17/2024 08:30:00","EDT","CAPITL",61757,1374.3667
"08/17/2024 08:30:00","EDT","CENTRL",61754,1614.3375
"08/17/2024 08:30:00","EDT","DUNWOD",61760,700.5626
"08/17/2024 08:30:00","EDT","GENESE",61753,1076.312
"08/17/2024 08:30:00","EDT","HUD VL",61758,1109.2699
"08/17/2024 08:30:00","EDT","LONGIL",61762,2528.1055
"08/17/2024 08:30:00","EDT","MHK VL",61756,864.1504
"08/17/2024 08:30:00","EDT","MILLWD",61759,308.2965
"08/17/2024 08:30:00","EDT","N.Y.C.",61761,6234.261
"08/17/2024 08:30:00","EDT","NORTH",61755,633.1095
"08/17/2024 08:30:00","EDT","WEST",61752,1805.884
"08/17/2024 08:35:00","EDT","CAPITL",61757,1389.5789
"08/17/2024 08:35:00","EDT","CENTRL",61754,1613.3885
"08/17/2024 08:35:00","EDT","DUNWOD",61760,693.0161
"08/17/2024 08:35:00","EDT","GENESE",61753,1076.8444
"08/17/2024 08:35:00","EDT","HUD VL",61758,1111.9683
"08/17/2024 08:35:00","EDT","LONGIL",61762,2531.6821
"08/17/2024 08:35:00","EDT","MHK VL",61756,855.22
"08/17/2024 08:35:00","EDT","MILLWD",61759,319.0316
"08/17/2024 08:35:00","EDT","N.Y.C.",61761,6258.163
"08/17/2024 08:35:00","EDT","NORTH",61755,649.8366
"08/17/2024 08:35:00","EDT","WEST",61752,1819.0001
"08/17/2024 08:40:00","EDT","CAPITL",61757,1359.3604
"08/17/2024 08:40:00","EDT","CENTRL",61754,1627.8053
"08/17/2024 08:40:00","EDT","DUNWOD",61760,700.1827
"08/17/2024 08:40:00","EDT","GENESE",61753,1081.4849
"08/17/2024 08:40:00","EDT","HUD VL",61758,1101.5497
"08/17/2024 08:40:00","EDT","LONGIL",61762,2542.8784
"08/17/2024 08:40:00","EDT","MHK VL",61756,850.4471
"08/17/2024 08:40:00","EDT","MILLWD",61759,331.1159
"08/17/2024 08:40:00","EDT","N.Y.C.",61761,6276.5693
"08/17/2024 08:40:00","EDT","NORTH",61755,644.7192
"08/17/2024 08:40:00","EDT","WEST",61752,1822.8943
"08/17/2024 08:45:00","EDT","CAPITL",61757,1372.2365
"08/17/2024 08:45:00","EDT","CENTRL",61754,1602.7025
"08/17/2024 08:45:00","EDT","DUNWOD",61760,697.3175
"08/17/2024 08:45:00","EDT","GENESE",61753,1091.2227
"08/17/2024 08:45:00","EDT","HUD VL",61758,1137.0897
"08/17/2024 08:45:00","EDT","LONGIL",61762,2547.194
"08/17/2024 08:45:00","EDT","MHK VL",61756,867.2883
"08/17/2024 08:45:00","EDT","MILLWD",61759,325.5521
"08/17/2024 08:45:00","EDT","N.Y.C.",61761,6281.751
"08/17/2024 08:45:00","EDT","NORTH",61755,636.2116
"08/17/2024 08:45:00","EDT","WEST",61752,1813.1257
"08/17/2024 08:50:00","EDT","CAPITL",61757,1368.9592
"08/17/2024 08:50:00","EDT","CENTRL",61754,1561.4178
"08/17/2024 08:50:00","EDT","DUNWOD",61760,693.1604
"08/17/2024 08:50:00","EDT","GENESE",61753,1087.0969
"08/17/2024 08:50:00","EDT","HUD VL",61758,1122.6261
"08/17/2024 08:50:00","EDT","LONGIL",61762,2568.2942
"08/17/2024 08:50:00","EDT","MHK VL",61756,872.9653
"08/17/2024 08:50:00","EDT","MILLWD",61759,327.3806
"08/17/2024 08:50:00","EDT","N.Y.C.",61761,6331.1133
"08/17/2024 08:50:00","EDT","NORTH",61755,625.7381
"08/17/2024 08:50:00","EDT","WEST",61752,1818.3984
"08/17/2024 08:55:00","EDT","CAPITL",61757,1388.3835
"08/17/2024 08:55:00","EDT","CENTRL",61754,1604.7948
"08/17/2024 08:55:00","EDT","DUNWOD",61760,716.5013
"08/17/2024 08:55:00","EDT","GENESE",61753,1102.5217
"08/17/2024 08:55:00","EDT","HUD VL",61758,1138.4703
"08/17/2024 08:55:00","EDT","LONGIL",61762,2583.276
"08/17/2024 08:55:00","EDT","MHK VL",61756,865.8985
"08/17/2024 08:55:00","EDT","MILLWD",61759,318.6164
"08/17/2024 08:55:00","EDT","N.Y.C.",61761,6331.7515
"08/17/2024 08:55:00","EDT","NORTH",61755,641.7174
"08/17/2024 08:55:00","EDT","WEST",61752,1838.3717
"08/17/2024 09:00:00","EDT","CAPITL",61757,1399.647
"08/17/2024 09:00:00","EDT","CENTRL",61754,1611.2539
"08/17/2024 09:00:00","EDT","DUNWOD",61760,700.9781
"08/17/2024 09:00:00","EDT","GENESE",61753,1098.9923
"08/17/2024 09:00:00","EDT","HUD VL",61758,1122.562
"08/17/2024 09:00:00","EDT","LONGIL",61762,2595.0854
"08/17/2024 09:00:00","EDT","MHK VL",61756,865.0704
"08/17/2024 09:00:00","EDT","MILLWD",61759,331.253
"08/17/2024 09:00:00","EDT","N.Y.C.",61761,6358.0786
"08/17/2024 09:00:00","EDT","NORTH",61755,639.5969
"08/17/2024 09:00:00","EDT","WEST",61752,1824.8105
"08/17/2024 09:05:00","EDT","CAPITL",61757,1389.3564
"08/17/2024 09:05:00","EDT","CENTRL",61754,1622.9606
"08/17/2024 09:05:00","EDT","DUNWOD",61760,699.4546
"08/17/2024 09:05:00","EDT","GENESE",61753,1106.198
"08/17/2024 09:05:00","EDT","HUD VL",61758,1129.951
"08/17/2024 09:05:00","EDT","LONGIL",61762,2611.6792
"08/17/2024 09:05:00","EDT","MHK VL",61756,845.8181
"08/17/2024 09:05:00","EDT","MILLWD",61759,325.2096
"08/17/2024 09:05:00","EDT","N.Y.C.",61761,6381.1553
"08/17/2024 09:05:00","EDT","NORTH",61755,647.2692
"08/17/2024 09:05:00","EDT","WEST",61752,1842.389
"08/17/2024 09:10:00","EDT","CAPITL",61757,1379.7487
"08/17/2024 09:10:00","EDT","CENTRL",61754,1607.5894
"08/17/2024 09:10:00","EDT","DUNWOD",61760,706.5359
"08/17/2024 09:10:00","EDT","GENESE",61753,1130.9829
"08/17/2024 09:10:00","EDT","HUD VL",61758,1158.0947
"08/17/2024 09:10:00","EDT","LONGIL",61762,2633.726
"08/17/2024 09:10:00","EDT","MHK VL",61756,855.4498
"08/17/2024 09:10:00","EDT","MILLWD",61759,328.6546
"08/17/2024 09:10:00","EDT","N.Y.C.",61761,6414.2607
"08/17/2024 09:10:00","EDT","NORTH",61755,663.1338
"08/17/2024 09:10:00","EDT","WEST",61752,1851.4126
"08/17/2024 09:15:00","EDT","CAPITL",61757,1394.1786
"08/17/2024 09:15:00","EDT","CENTRL",61754,1617.9299
"08/17/2024 09:15:00","EDT","DUNWOD",61760,707.5867
"08/17/2024 09:15:00","EDT","GENESE",61753,1133.7551
"08/17/2024 09:15:00","EDT","HUD VL",61758,1138.788
"08/17/2024 09:15:00","EDT","LONGIL",61762,2662.254
"08/17/2024 09:15:00","EDT","MHK VL",61756,874.1788
"08/17/2024 09:15:00","EDT","MILLWD",61759,326.8079
"08/17/2024 09:15:00","EDT","N.Y.C.",61761,6433.1104
"08/17/2024 09:15:00","EDT","NORTH",61755,637.3313
"08/17/2024 09:15:00","EDT","WEST",61752,1845.1675
"08/17/2024 09:20:00","EDT","CAPITL",61757,1396.7812
"08/17/2024 09:20:00","EDT","CENTRL",61754,1619.8109
"08/17/2024 09:20:00","EDT","DUNWOD",61760,718.5773
"08/17/2024 09:20:00","EDT","GENESE",61753,1131.2588
"08/17/2024 09:20:00","EDT","HUD VL",61758,1128.8595
"08/17/2024 09:20:00","EDT","LONGIL",61762,2684.2195
"08/17/2024 09:20:00","EDT","MHK VL",61756,857.5272
"08/17/2024 09:20:00","EDT","MILLWD",61759,326.1486
"08/17/2024 09:20:00","EDT","N.Y.C.",61761,6480.4287
"08/17/2024 09:20:00","EDT","NORTH",61755,629.1241
"08/17/2024 09:20:00","EDT","WEST",61752,1853.6465
"08/17/2024 09:25:00","EDT","CAPITL",61757,1412.9136
"08/17/2024 09:25:00","EDT","CENTRL",61754,1620.0892
"08/17/2024 09:25:00","EDT","DUNWOD",61760,707.484
"08/17/2024 09:25:00","EDT","GENESE",61753,1113.675
"08/17/2024 09:25:00","EDT","HUD VL",61758,1145.2917
"08/17/2024 09:25:00","EDT","LONGIL",61762,2691.708
"08/17/2024 09:25:00","EDT","MHK VL",61756,864.8035
"08/17/2024 09:25:00","EDT","MILLWD",61759,334.8571
"08/17/2024 09:25:00","EDT","N.Y.C.",61761,6475.248
"08/17/2024 09:25:00","EDT","NORTH",61755,630.0549
"08/17/2024 09:25:00","EDT","WEST",61752,1857.3318
"08/17/2024 09:30:00","EDT","CAPITL",61757,1402.9493
"08/17/2024 09:30:00","EDT","CENTRL",61754,1605.1315
"08/17/2024 09:30:00","EDT","DUNWOD",61760,724.2323
"08/17/2024 09:30:00","EDT","GENESE",61753,1114.0535
"08/17/2024 09:30:00","EDT","HUD VL",61758,1169.2638
"08/17/2024 09:30:00","EDT","LONGIL",61762,2712.5103
"08/17/2024 09:30:00","EDT","MHK VL",61756,871.0495
"08/17/2024 09:30:00","EDT","MILLWD",61759,343.9024
"08/17/2024 09:30:00","EDT","N.Y.C.",61761,6525.0635
"08/17/2024 09:30:00","EDT","NORTH",61755,619.9016
"08/17/2024 09:30:00","EDT","WEST",61752,1875.2986
"08/17/2024 09:35:00","EDT","CAPITL",61757,1386.5535
"08/17/2024 09:35:00","EDT","CENTRL",61754,1604.6956
"08/17/2024 09:35:00","EDT","DUNWOD",61760,746.3785
"08/17/2024 09:35:00","EDT","GENESE",61753,1133.0405
"08/17/2024 09:35:00","EDT","HUD VL",61758,1164.3011
"08/17/2024 09:35:00","EDT","LONGIL",61762,2707.471
"08/17/2024 09:35:00","EDT","MHK VL",61756,858.943
"08/17/2024 09:35:00","EDT","MILLWD",61759,317.0565
"08/17/2024 09:35:00","EDT","N.Y.C.",61761,6528.921
"08/17/2024 09:35:00","EDT","NORTH",61755,635.6007
"08/17/2024 09:35:00","EDT","WEST",61752,1860.5406
"08/17/2024 09:40:00","EDT","CAPITL",61757,1394.3799
"08/17/2024 09:40:00","EDT","CENTRL",61754,1639.8444
"08/17/2024 09:40:00","EDT","DUNWOD",61760,732.3469
"08/17/2024 09:40:00","EDT","GENESE",61753,1142.2637
"08/17/2024 09:40:00","EDT","HUD VL",61758,1153.0176
"08/17/2024 09:40:00","EDT","LONGIL",61762,2723.0698
"08/17/2024 09:40:00","EDT","MHK VL",61756,817.094
"08/17/2024 09:40:00","EDT","MILLWD",61759,337.2358
"08/17/2024 09:40:00","EDT","N.Y.C.",61761,6566.8936
"08/17/2024 09:40:00","EDT","NORTH",61755,670.748
"08/17/2024 09:40:00","EDT","WEST",61752,1852.0973
"08/17/2024 09:45:00","EDT","CAPITL",61757,1418.721
"08/17/2024 09:45:00","EDT","CENTRL",61754,1618.1417
"08/17/2024 09:45:00","EDT","DUNWOD",61760,726.4752
"08/17/2024 09:45:00","EDT","GENESE",61753,1137.8511
"08/17/2024 09:45:00","EDT","HUD VL",61758,1156.6492
"08/17/2024 09:45:00","EDT","LONGIL",61762,2732.595
"08/17/2024 09:45:00","EDT","MHK VL",61756,853.4342
"08/17/2024 09:45:00","EDT","MILLWD",61759,342.4304
"08/17/2024 09:45:00","EDT","N.Y.C.",61761,6614.17
"08/17/2024 09:45:00","EDT","NORTH",61755,655.9043
"08/17/2024 09:45:00","EDT","WEST",61752,1880.0979
"08/17/2024 09:50:00","EDT","CAPITL",61757,1410.1257
"08/17/2024 09:50:00","EDT","CENTRL",61754,1643.2618
"08/17/2024 09:50:00","EDT","DUNWOD",61760,738.0327
"08/17/2024 09:50:00","EDT","GENESE",61753,1156.9149
"08/17/2024 09:50:00","EDT","HUD VL",61758,1155.1049
"08/17/2024 09:50:00","EDT","LONGIL",61762,2740.1582
"08/17/2024 09:50:00","EDT","MHK VL",61756,858.1853
"08/17/2024 09:50:00","EDT","MILLWD",61759,343.5412
"08/17/2024 09:50:00","EDT","N.Y.C.",61761,6634.8647
"08/17/2024 09:50:00","EDT","NORTH",61755,631.7063
"08/17/2024 09:50:00","EDT","WEST",61752,1880.7201
"08/17/2024 09:55:00","EDT","CAPITL",61757,1419.4417
"08/17/2024 09:55:00","EDT","CENTRL",61754,1619.5521
"08/17/2024 09:55:00","EDT","DUNWOD",61760,734.8223
"08/17/2024 09:55:00","EDT","GENESE",61753,1182.8271
"08/17/2024 09:55:00","EDT","HUD VL",61758,1144.2426
"08/17/2024 09:55:00","EDT","LONGIL",61762,2746.7427
"08/17/2024 09:55:00","EDT","MHK VL",61756,851.9464
"08/17/2024 09:55:00","EDT","MILLWD",61759,336.3105
"08/17/2024 09:55:00","EDT","N.Y.C.",61761,6644.838
"08/17/2024 09:55:00","EDT","NORTH",61755,651.0073
"08/17/2024 09:55:00","EDT","WEST",61752,1903.397
"08/17/2024 10:00:00","EDT","CAPITL",61757,1428.1538
"08/17/2024 10:00:00","EDT","CENTRL",61754,1651.7472
"08/17/2024 10:00:00","EDT","DUNWOD",61760,739.742
"08/17/2024 10:00:00","EDT","GENESE",61753,1190.0331
"08/17/2024 10:00:00","EDT","HUD VL",61758,1158.5916
"08/17/2024 10:00:00","EDT","LONGIL",61762,2759.8687
"08/17/2024 10:00:00","EDT","MHK VL",61756,829.7206
"08/17/2024 10:00:00","EDT","MILLWD",61759,351.3921
"08/17/2024 10:00:00","EDT","N.Y.C.",61761,6674.883
"08/17/2024 10:00:00","EDT","NORTH",61755,654.0609
"08/17/2024 10:00:00","EDT","WEST",61752,1918.2106
"08/17/2024 10:05:00","EDT","CAPITL",61757,1413.0828
"08/17/2024 10:05:00","EDT","CENTRL",61754,1657.3365
"08/17/2024 10:05:00","EDT","DUNWOD",61760,744.3981
"08/17/2024 10:05:00","EDT","GENESE",61753,1206.1589
"08/17/2024 10:05:00","EDT","HUD VL",61758,1155.3383
"08/17/2024 10:05:00","EDT","LONGIL",61762,2760.7253
"08/17/2024 10:05:00","EDT","MHK VL",61756,851.0444
"08/17/2024 10:05:00","EDT","MILLWD",61759,342.1166
"08/17/2024 10:05:00","EDT","N.Y.C.",61761,6667.873
"08/17/2024 10:05:00","EDT","NORTH",61755,648.0101
"08/17/2024 10:05:00","EDT","WEST",61752,1924.9573
"08/17/2024 10:10:00","EDT","CAPITL",61757,1421.1707
"08/17/2024 10:10:00","EDT","CENTRL",61754,1667.3817
"08/17/2024 10:10:00","EDT","DUNWOD",61760,742.3867
"08/17/2024 10:10:00","EDT","GENESE",61753,1215.1947
"08/17/2024 10:10:00","EDT","HUD VL",61758,1154.4971
"08/17/2024 10:10:00","EDT","LONGIL",61762,2757.2363
"08/17/2024 10:10:00","EDT","MHK VL",61756,801.2581
"08/17/2024 10:10:00","EDT","MILLWD",61759,354.3235
"08/17/2024 10:10:00","EDT","N.Y.C.",61761,6706.359
"08/17/2024 10:10:00","EDT","NORTH",61755,670.1322
"08/17/2024 10:10:00","EDT","WEST",61752,1905.7861
"08/17/2024 10:15:00","EDT","CAPITL",61757,1440.6187
"08/17/2024 10:15:00","EDT","CENTRL",61754,1678.4683
"08/17/2024 10:15:00","EDT","DUNWOD",61760,750.4613
"08/17/2024 10:15:00","EDT","GENESE",61753,1220.8795
"08/17/2024 10:15:00","EDT","HUD VL",61758,1156.4689
"08/17/2024 10:15:00","EDT","LONGIL",61762,2777.8257
"08/17/2024 10:15:00","EDT","MHK VL",61756,828.7623
"08/17/2024 10:15:00","EDT","MILLWD",61759,351.6104
"08/17/2024 10:15:00","EDT","N.Y.C.",61761,6746.554
"08/17/2024 10:15:00","EDT","NORTH",61755,663.9968
"08/17/2024 10:15:00","EDT","WEST",61752,1901.66
"08/17/2024 10:20:00","EDT","CAPITL",61757,1434.479
"08/17/2024 10:20:00","EDT","CENTRL",61754,1676.7052
"08/17/2024 10:20:00","EDT","DUNWOD",61760,751.5883
"08/17/2024 10:20:00","EDT","GENESE",61753,1238.4927
"08/17/2024 10:20:00","EDT","HUD VL",61758,1142.9337
"08/17/2024 10:20:00","EDT","LONGIL",61762,2781.7622
"08/17/2024 10:20:00","EDT","MHK VL",61756,820.894
"08/17/2024 10:20:00","EDT","MILLWD",61759,364.6047
"08/17/2024 10:20:00","EDT","N.Y.C.",61761,6777.891
"08/17/2024 10:20:00","EDT","NORTH",61755,664.8186
"08/17/2024 10:20:00","EDT","WEST",61752,1914.3239
"08/17/2024 10:25:00","EDT","CAPITL",61757,1442.5674
"08/17/2024 10:25:00","EDT","CENTRL",61754,1706.5641
"08/17/2024 10:25:00","EDT","DUNWOD",61760,740.5244
"08/17/2024 10:25:00","EDT","GENESE",61753,1236.7227
"08/17/2024 10:25:00","EDT","HUD VL",61758,1123.4386
"08/17/2024 10:25:00","EDT","LONGIL",61762,2811.2266
"08/17/2024 10:25:00","EDT","MHK VL",61756,826.5974
"08/17/2024 10:25:00","EDT","MILLWD",61759,351.3217
"08/17/2024 10:25:00","EDT","N.Y.C.",61761,6765.9316
"08/17/2024 10:25:00","EDT","NORTH",61755,654.5033
"08/17/2024 10:25:00","EDT","WEST",61752,1914.4607
"08/17/2024 10:30:00","EDT","CAPITL",61757,1419.4329
"08/17/2024 10:30:00","EDT","CENTRL",61754,1727.4192
"08/17/2024 10:30:00","EDT","DUNWOD",61760,751.5873
"08/17/2024 10:30:00","EDT","GENESE",61753,1241.8188
"08/17/2024 10:30:00","EDT","HUD VL",61758,1118.3135
"08/17/2024 10:30:00","EDT","LONGIL",61762,2794.4604
"08/17/2024 10:30:00","EDT","MHK VL",61756,819.8968
"08/17/2024 10:30:00","EDT","MILLWD",61759,359.5995
"08/17/2024 10:30:00","EDT","N.Y.C.",61761,6780.1562
"08/17/2024 10:30:00","EDT","NORTH",61755,658.0794
"08/17/2024 10:30:00","EDT","WEST",61752,1890.709
"08/17/2024 10:35:00","EDT","CAPITL",61757,1418.8364
"08/17/2024 10:35:00","EDT","CENTRL",61754,1713.0397
"08/17/2024 10:35:00","EDT","DUNWOD",61760,741.5797
"08/17/2024 10:35:00","EDT","GENESE",61753,1243.8455
"08/17/2024 10:35:00","EDT","HUD VL",61758,1103.8636
"08/17/2024 10:35:00","EDT","LONGIL",61762,2815.963
"08/17/2024 10:35:00","EDT","MHK VL",61756,829.9991
"08/17/2024 10:35:00","EDT","MILLWD",61759,352.8281
"08/17/2024 10:35:00","EDT","N.Y.C.",61761,6832.4106
"08/17/2024 10:35:00","EDT","NORTH",61755,657.9213
"08/17/2024 10:35:00","EDT","WEST",61752,1915.3287
"08/17/2024 10:40:00","EDT","CAPITL",61757,1425.9221
"08/17/2024 10:40:00","EDT","CENTRL",61754,1736.0349
"08/17/2024 10:40:00","EDT","DUNWOD",61760,746.1363
"08/17/2024 10:40:00","EDT","GENESE",61753,1256.2318
"08/17/2024 10:40:00","EDT","HUD VL",61758,1111.0524
"08/17/2024 10:40:00","EDT","LONGIL",61762,2827.184
"08/17/2024 10:40:00","EDT","MHK VL",61756,832.5792
"08/17/2024 10:40:00","EDT","MILLWD",61759,353.9485
"08/17/2024 10:40:00","EDT","N.Y.C.",61761,6824.667
"08/17/2024 10:40:00","EDT","NORTH",61755,662.1481
"08/17/2024 10:40:00","EDT","WEST",61752,1922.2166
"08/17/2024 10:45:00","EDT","CAPITL",61757,1417.1594
"08/17/2024 10:45:00","EDT","CENTRL",61754,1755.8173
"08/17/2024 10:45:00","EDT","DUNWOD",61760,749.01
"08/17/2024 10:45:00","EDT","GENESE",61753,1278.0708
"08/17/2024 10:45:00","EDT","HUD VL",61758,1117.9214
"08/17/2024 10:45:00","EDT","LONGIL",61762,2845.2708
"08/17/2024 10:45:00","EDT","MHK VL",61756,815.9416
"08/17/2024 10:45:00","EDT","MILLWD",61759,372.2149
"08/17/2024 10:45:00","EDT","N.Y.C.",61761,6871.8506
"08/17/2024 10:45:00","EDT","NORTH",61755,668.4571
"08/17/2024 10:45:00","EDT","WEST",61752,1923.2335
"08/17/2024 10:50:00","EDT","CAPITL",61757,1428.236
"08/17/2024 10:50:00","EDT","CENTRL",61754,1717.6865
"08/17/2024 10:50:00","EDT","DUNWOD",61760,748.6667
"08/17/2024 10:50:00","EDT","GENESE",61753,1272.9395
"08/17/2024 10:50:00","EDT","HUD VL",61758,1114.3628
"08/17/2024 10:50:00","EDT","LONGIL",61762,2850.331
"08/17/2024 10:50:00","EDT","MHK VL",61756,808.2717
"08/17/2024 10:50:00","EDT","MILLWD",61759,355.2449
"08/17/2024 10:50:00","EDT","N.Y.C.",61761,6910.2896
"08/17/2024 10:50:00","EDT","NORTH",61755,661.8024
"08/17/2024 10:50:00","EDT","WEST",61752,1925.9353
"08/17/2024 10:55:00","EDT","CAPITL",61757,1414.0996
"08/17/2024 10:55:00","EDT","CENTRL",61754,1772.613
"08/17/2024 10:55:00","EDT","DUNWOD",61760,755.2106
"08/17/2024 10:55:00","EDT","GENESE",61753,1270.1582
"08/17/2024 10:55:00","EDT","HUD VL",61758,1117.8949
"08/17/2024 10:55:00","EDT","LONGIL",61762,2846.4072
"08/17/2024 10:55:00","EDT","MHK VL",61756,802.6975
"08/17/2024 10:55:00","EDT","MILLWD",61759,363.5298
"08/17/2024 10:55:00","EDT","N.Y.C.",61761,6909.708
"08/17/2024 10:55:00","EDT","NORTH",61755,664.3054
"08/17/2024 10:55:00","EDT","WEST",61752,1936.8843
"08/17/2024 11:00:00","EDT","CAPITL",61757,1410.7704
"08/17/2024 11:00:00","EDT","CENTRL",61754,1762.9612
"08/17/2024 11:00:00","EDT","DUNWOD",61760,776.5643
"08/17/2024 11:00:00","EDT","GENESE",61753,1270.194
"08/17/2024 11:00:00","EDT","HUD VL",61758,1128.0906
"08/17/2024 11:00:00","EDT","LONGIL",61762,2841.641
"08/17/2024 11:00:00","EDT","MHK VL",61756,802.8274
"08/17/2024 11:00:00","EDT","MILLWD",61759,347.7515
"08/17/2024 11:00:00","EDT","N.Y.C.",61761,6918.3447
"08/17/2024 11:00:00","EDT","NORTH",61755,665.7316
"08/17/2024 11:00:00","EDT","WEST",61752,1951.4409
"08/17/2024 11:05:00","EDT","CAPITL",61757,1402.2217
"08/17/2024 11:05:00","EDT","CENTRL",61754,1780.0648
"08/17/2024 11:05:00","EDT","DUNWOD",61760,756.2703
"08/17/2024 11:05:00","EDT","GENESE",61753,1263.384
"08/17/2024 11:05:00","EDT","HUD VL",61758,1142.2991
"08/17/2024 11:05:00","EDT","LONGIL",61762,2851.9497
"08/17/2024 11:05:00","EDT","MHK VL",61756,797.3688
"08/17/2024 11:05:00","EDT","MILLWD",61759,368.5723
"08/17/2024 11:05:00","EDT","N.Y.C.",61761,6949.668
"08/17/2024 11:05:00","EDT","NORTH",61755,674.0059
"08/17/2024 11:05:00","EDT","WEST",61752,1977.6523
"08/17/2024 11:10:00","EDT","CAPITL",61757,1397.7834
"08/17/2024 11:10:00","EDT","CENTRL",61754,1785.5311
"08/17/2024 11:10:00","EDT","DUNWOD",61760,763.6292
"08/17/2024 11:10:00","EDT","GENESE",61753,1278.4976
"08/17/2024 11:10:00","EDT","HUD VL",61758,1136.5305
"08/17/2024 11:10:00","EDT","LONGIL",61762,2856.588
"08/17/2024 11:10:00","EDT","MHK VL",61756,815.4868
"08/17/2024 11:10:00","EDT","MILLWD",61759,353.4031
"08/17/2024 11:10:00","EDT","N.Y.C.",61761,6951.664
"08/17/2024 11:10:00","EDT","NORTH",61755,661.0266
"08/17/2024 11:10:00","EDT","WEST",61752,1974.124
"08/17/2024 11:15:00","EDT","CAPITL",61757,1398.6064
"08/17/2024 11:15:00","EDT","CENTRL",61754,1758.2435
"08/17/2024 11:15:00","EDT","DUNWOD",61760,775.6158
"08/17/2024 11:15:00","EDT","GENESE",61753,1277.4829
"08/17/2024 11:15:00","EDT","HUD VL",61758,1157.8074
"08/17/2024 11:15:00","EDT","LONGIL",61762,2884.0952
"08/17/2024 11:15:00","EDT","MHK VL",61756,832.3137
"08/17/2024 11:15:00","EDT","MILLWD",61759,362.5552
"08/17/2024 11:15:00","EDT","N.Y.C.",61761,6983.46
"08/17/2024 11:15:00","EDT","NORTH",61755,640.3983
"08/17/2024 11:15:00","EDT","WEST",61752,1986.9944
"08/17/2024 11:20:00","EDT","CAPITL",61757,1389.223
"08/17/2024 11:20:00","EDT","CENTRL",61754,1762.7441
"08/17/2024 11:20:00","EDT","DUNWOD",61760,777.4308
"08/17/2024 11:20:00","EDT","GENESE",61753,1290.5532
"08/17/2024 11:20:00","EDT","HUD VL",61758,1169.5947
"08/17/2024 11:20:00","EDT","LONGIL",61762,2908.1023
"08/17/2024 11:20:00","EDT","MHK VL",61756,795.0291
"08/17/2024 11:20:00","EDT","MILLWD",61759,377.7709
"08/17/2024 11:20:00","EDT","N.Y.C.",61761,7004.3354
"08/17/2024 11:20:00","EDT","NORTH",61755,662.1583
"08/17/2024 11:20:00","EDT","WEST",61752,1995.2366
"08/17/2024 11:25:00","EDT","CAPITL",61757,1366.915
"08/17/2024 11:25:00","EDT","CENTRL",61754,1819.5468
"08/17/2024 11:25:00","EDT","DUNWOD",61760,780.9128
"08/17/2024 11:25:00","EDT","GENESE",61753,1273.2178
"08/17/2024 11:25:00","EDT","HUD VL",61758,1169.1313
"08/17/2024 11:25:00","EDT","LONGIL",61762,2925.6194
"08/17/2024 11:25:00","EDT","MHK VL",61756,781.9089
"08/17/2024 11:25:00","EDT","MILLWD",61759,367.6269
"08/17/2024 11:25:00","EDT","N.Y.C.",61761,6941.8276
"08/17/2024 11:25:00","EDT","NORTH",61755,652.8572
"08/17/2024 11:25:00","EDT","WEST",61752,2009.0309
"08/17/2024 11:30:00","EDT","CAPITL",61757,1379.2681
"08/17/2024 11:30:00","EDT","CENTRL",61754,1796.9183
"08/17/2024 11:30:00","EDT","DUNWOD",61760,785.0811
"08/17/2024 11:30:00","EDT","GENESE",61753,1288.3644
"08/17/2024 11:30:00","EDT","HUD VL",61758,1159.0052
"08/17/2024 11:30:00","EDT","LONGIL",61762,2942.4854
"08/17/2024 11:30:00","EDT","MHK VL",61756,804.0784
"08/17/2024 11:30:00","EDT","MILLWD",61759,373.6008
"08/17/2024 11:30:00","EDT","N.Y.C.",61761,6957.045
"08/17/2024 11:30:00","EDT","NORTH",61755,651.3708
"08/17/2024 11:30:00","EDT","WEST",61752,2014.1045
"08/17/2024 11:35:00","EDT","CAPITL",61757,1369.3513
"08/17/2024 11:35:00","EDT","CENTRL",61754,1818.3171
"08/17/2024 11:35:00","EDT","DUNWOD",61760,780.3517
"08/17/2024 11:35:00","EDT","GENESE",61753,1290.4863
"08/17/2024 11:35:00","EDT","HUD VL",61758,1192.5381
"08/17/2024 11:35:00","EDT","LONGIL",61762,2967.1455
"08/17/2024 11:35:00","EDT","MHK VL",61756,788.0886
"08/17/2024 11:35:00","EDT","MILLWD",61759,368.385
"08/17/2024 11:35:00","EDT","N.Y.C.",61761,6991.8457
"08/17/2024 11:35:00","EDT","NORTH",61755,662.775
"08/17/2024 11:35:00","EDT","WEST",61752,2003.3501
"08/17/2024 11:40:00","EDT","CAPITL",61757,1371.1565
"08/17/2024 11:40:00","EDT","CENTRL",61754,1807.1155
"08/17/2024 11:40:00","EDT","DUNWOD",61760,777.9935
"08/17/2024 11:40:00","EDT","GENESE",61753,1273.3528
"08/17/2024 11:40:00","EDT","HUD VL",61758,1185.5441
"08/17/2024 11:40:00","EDT","LONGIL",61762,2968.7695
"08/17/2024 11:40:00","EDT","MHK VL",61756,787.8673
"08/17/2024 11:40:00","EDT","MILLWD",61759,374.7771
"08/17/2024 11:40:00","EDT","N.Y.C.",61761,6977.79
"08/17/2024 11:40:00","EDT","NORTH",61755,667.6561
"08/17/2024 11:40:00","EDT","WEST",61752,2014.6495
"08/17/2024 11:45:00","EDT","CAPITL",61757,1362.0349
"08/17/2024 11:45:00","EDT","CENTRL",61754,1823.8586
"08/17/2024 11:45:00","EDT","DUNWOD",61760,794.6422
"08/17/2024 11:45:00","EDT","GENESE",61753,1256.539
"08/17/2024 11:45:00","EDT","HUD VL",61758,1171.9191
"08/17/2024 11:45:00","EDT","LONGIL",61762,2990.3335
"08/17/2024 11:45:00","EDT","MHK VL",61756,799.0715
"08/17/2024 11:45:00","EDT","MILLWD",61759,379.3715
"08/17/2024 11:45:00","EDT","N.Y.C.",61761,6987.328
"08/17/2024 11:45:00","EDT","NORTH",61755,662.7037
"08/17/2024 11:45:00","EDT","WEST",61752,2020.1995
"08/17/2024 11:50:00","EDT","CAPITL",61757,1338.4031
"08/17/2024 11:50:00","EDT","CENTRL",61754,1824.6465
"08/17/2024 11:50:00","EDT","DUNWOD",61760,799.9381
"08/17/2024 11:50:00","EDT","GENESE",61753,1256.2153
"08/17/2024 11:50:00","EDT","HUD VL",61758,1186.7012
"08/17/2024 11:50:00","EDT","LONGIL",61762,3000.3835
"08/17/2024 11:50:00","EDT","MHK VL",61756,788.6602
"08/17/2024 11:50:00","EDT","MILLWD",61759,382.1527
"08/17/2024 11:50:00","EDT","N.Y.C.",61761,6997.2715
"08/17/2024 11:50:00","EDT","NORTH",61755,659.0964
"08/17/2024 11:50:00","EDT","WEST",61752,2014.1757
"08/17/2024 11:55:00","EDT","CAPITL",61757,1318.3579
"08/17/2024 11:55:00","EDT","CENTRL",61754,1838.1981
"08/17/2024 11:55:00","EDT","DUNWOD",61760,800.2937
"08/17/2024 11:55:00","EDT","GENESE",61753,1272.3281
"08/17/2024 11:55:00","EDT","HUD VL",61758,1179.856
"08/17/2024 11:55:00","EDT","LONGIL",61762,3011.5786
"08/17/2024 11:55:00","EDT","MHK VL",61756,814.5604
"08/17/2024 11:55:00","EDT","MILLWD",61759,372.2901
"08/17/2024 11:55:00","EDT","N.Y.C.",61761,7032.128
"08/17/2024 11:55:00","EDT","NORTH",61755,667.5231
"08/17/2024 11:55:00","EDT","WEST",61752,2021.56
"08/17/2024 12:00:00","EDT","CAPITL",61757,1362.155
"08/17/2024 12:00:00","EDT","CENTRL",61754,1822.5692
"08/17/2024 12:00:00","EDT","DUNWOD",61760,783.8091
"08/17/2024 12:00:00","EDT","GENESE",61753,1278.9998
"08/17/2024 12:00:00","EDT","HUD VL",61758,1153.6125
"08/17/2024 12:00:00","EDT","LONGIL",61762,3033.0713
"08/17/2024 12:00:00","EDT","MHK VL",61756,820.8689
"08/17/2024 12:00:00","EDT","MILLWD",61759,384.0366
"08/17/2024 12:00:00","EDT","N.Y.C.",61761,7044.6055
"08/17/2024 12:00:00","EDT","NORTH",61755,658.4262
"08/17/2024 12:00:00","EDT","WEST",61752,2038.3896
"08/17/2024 12:05:00","EDT","CAPITL",61757,1352.1445
"08/17/2024 12:05:00","EDT","CENTRL",61754,1807.0482
"08/17/2024 12:05:00","EDT","DUNWOD",61760,790.3263
"08/17/2024 12:05:00","EDT","GENESE",61753,1309.3599
"08/17/2024 12:05:00","EDT","HUD VL",61758,1170.3601
"08/17/2024 12:05:00","EDT","LONGIL",61762,3039.3901
"08/17/2024 12:05:00","EDT","MHK VL",61756,811.8884
"08/17/2024 12:05:00","EDT","MILLWD",61759,381.8987
"08/17/2024 12:05:00","EDT","N.Y.C.",61761,7038.5356
"08/17/2024 12:05:00","EDT","NORTH",61755,656.5689
"08/17/2024 12:05:00","EDT","WEST",61752,2029.4003
"08/17/2024 12:10:00","EDT","CAPITL",61757,1361.4536
"08/17/2024 12:10:00","EDT","CENTRL",61754,1837.6019
"08/17/2024 12:10:00","EDT","DUNWOD",61760,799.5148
"08/17/2024 12:10:00","EDT","GENESE",61753,1322.282
"08/17/2024 12:10:00","EDT","HUD VL",61758,1164.3046
"08/17/2024 12:10:00","EDT","LONGIL",61762,3042.3286
"08/17/2024 12:10:00","EDT","MHK VL",61756,837.7321
"08/17/2024 12:10:00","EDT","MILLWD",61759,389.8374
"08/17/2024 12:10:00","EDT","N.Y.C.",61761,7039.91
"08/17/2024 12:10:00","EDT","NORTH",61755,630.1614
"08/17/2024 12:10:00","EDT","WEST",61752,2027.4929
"08/17/2024 12:15:00","EDT","CAPITL",61757,1330.1868
"08/17/2024 12:15:00","EDT","CENTRL",61754,1822.876
"08/17/2024 12:15:00","EDT","DUNWOD",61760,792.3494
"08/17/2024 12:15:00","EDT","GENESE",61753,1312.106
"08/17/2024 12:15:00","EDT","HUD VL",61758,1130.1926
"08/17/2024 12:15:00","EDT","LONGIL",61762,3044.2627
"08/17/2024 12:15:00","EDT","MHK VL",61756,819.3928
"08/17/2024 12:15:00","EDT","MILLWD",61759,393.4354
"08/17/2024 12:15:00","EDT","N.Y.C.",61761,7091.166
"08/17/2024 12:15:00","EDT","NORTH",61755,656.7468
"08/17/2024 12:15:00","EDT","WEST",61752,2023.5085
"08/17/2024 12:20:00","EDT","CAPITL",61757,1336.5377
"08/17/2024 12:20:00","EDT","CENTRL",61754,1810.7256
"08/17/2024 12:20:00","EDT","DUNWOD",61760,802.8159
"08/17/2024 12:20:00","EDT","GENESE",61753,1323.9395
"08/17/2024 12:20:00","EDT","HUD VL",61758,1162.9646
"08/17/2024 12:20:00","EDT","LONGIL",61762,3073.6504
"08/17/2024 12:20:00","EDT","MHK VL",61756,828.159
"08/17/2024 12:20:00","EDT","MILLWD",61759,383.7249
"08/17/2024 12:20:00","EDT","N.Y.C.",61761,7097.218
"08/17/2024 12:20:00","EDT","NORTH",61755,634.5432
"08/17/2024 12:20:00","EDT","WEST",61752,2061.515
"08/17/2024 12:25:00","EDT","CAPITL",61757,1323.875
"08/17/2024 12:25:00","EDT","CENTRL",61754,1807.9915
"08/17/2024 12:25:00","EDT","DUNWOD",61760,808.6896
"08/17/2024 12:25:00","EDT","GENESE",61753,1321.6838
"08/17/2024 12:25:00","EDT","HUD VL",61758,1215.082
"08/17/2024 12:25:00","EDT","LONGIL",61762,3062.5396
"08/17/2024 12:25:00","EDT","MHK VL",61756,839.633
"08/17/2024 12:25:00","EDT","MILLWD",61759,371.545
"08/17/2024 12:25:00","EDT","N.Y.C.",61761,7050.551
"08/17/2024 12:25:00","EDT","NORTH",61755,630.0955
"08/17/2024 12:25:00","EDT","WEST",61752,2044.1387
"08/17/2024 12:30:00","EDT","CAPITL",61757,1321.5957
"08/17/2024 12:30:00","EDT","CENTRL",61754,1826.6984
"08/17/2024 12:30:00","EDT","DUNWOD",61760,790.5087
"08/17/2024 12:30:00","EDT","GENESE",61753,1333.7222
"08/17/2024 12:30:00","EDT","HUD VL",61758,1165.4711
"08/17/2024 12:30:00","EDT","LONGIL",61762,3112.816
"08/17/2024 12:30:00","EDT","MHK VL",61756,827.5934
"08/17/2024 12:30:00","EDT","MILLWD",61759,378.1455
"08/17/2024 12:30:00","EDT","N.Y.C.",61761,7115.881
"08/17/2024 12:30:00","EDT","NORTH",61755,631.824
"08/17/2024 12:30:00","EDT","WEST",61752,2046.66
"08/17/2024 12:35:00","EDT","CAPITL",61757,1342.2224
"08/17/2024 12:35:00","EDT","CENTRL",61754,1808.9053
"08/17/2024 12:35:00","EDT","DUNWOD",61760,802.1097
"08/17/2024 12:35:00","EDT","GENESE",61753,1328.0571
"08/17/2024 12:35:00","EDT","HUD VL",61758,1174.6875
"08/17/2024 12:35:00","EDT","LONGIL",61762,3120.5747
"08/17/2024 12:35:00","EDT","MHK VL",61756,827.9912
"08/17/2024 12:35:00","EDT","MILLWD",61759,378.2783
"08/17/2024 12:35:00","EDT","N.Y.C.",61761,7123.942
"08/17/2024 12:35:00","EDT","NORTH",61755,635.7395
"08/17/2024 12:35:00","EDT","WEST",61752,2080.4395
"08/17/2024 12:40:00","EDT","CAPITL",61757,1338.9502
"08/17/2024 12:40:00","EDT","CENTRL",61754,1830.8618
"08/17/2024 12:40:00","EDT","DUNWOD",61760,815.0284
"08/17/2024 12:40:00","EDT","GENESE",61753,1341.0215
"08/17/2024 12:40:00","EDT","HUD VL",61758,1164.196
"08/17/2024 12:40:00","EDT","LONGIL",61762,3106.9102
"08/17/2024 12:40:00","EDT","MHK VL",61756,821.885
"08/17/2024 12:40:00","EDT","MILLWD",61759,386.9928
"08/17/2024 12:40:00","EDT","N.Y.C.",61761,7145.3013
"08/17/2024 12:40:00","EDT","NORTH",61755,643.9512
"08/17/2024 12:40:00","EDT","WEST",61752,2049.5325
"08/17/2024 12:45:00","EDT","CAPITL",61757,1309.4882
"08/17/2024 12:45:00","EDT","CENTRL",61754,1793.263
"08/17/2024 12:45:00","EDT","DUNWOD",61760,824.7832
"08/17/2024 12:45:00","EDT","GENESE",61753,1344.6617
"08/17/2024 12:45:00","EDT","HUD VL",61758,1206.1067
"08/17/2024 12:45:00","EDT","LONGIL",61762,3110.1863
"08/17/2024 12:45:00","EDT","MHK VL",61756,826.2654
"08/17/2024 12:45:00","EDT","MILLWD",61759,377.8036
"08/17/2024 12:45:00","EDT","N.Y.C.",61761,7118.6816
"08/17/2024 12:45:00","EDT","NORTH",61755,638.132
"08/17/2024 12:45:00","EDT","WEST",61752,2061.4785
"08/17/2024 12:50:00","EDT","CAPITL",61757,1307.1604
"08/17/2024 12:50:00","EDT","CENTRL",61754,1786.3606
"08/17/2024 12:50:00","EDT","DUNWOD",61760,827.4677
"08/17/2024 12:50:00","EDT","GENESE",61753,1353.3964
"08/17/2024 12:50:00","EDT","HUD VL",61758,1209.4905
"08/17/2024 12:50:00","EDT","LONGIL",61762,3110.373
"08/17/2024 12:50:00","EDT","MHK VL",61756,845.9067
"08/17/2024 12:50:00","EDT","MILLWD",61759,374.1192
"08/17/2024 12:50:00","EDT","N.Y.C.",61761,7139.3613
"08/17/2024 12:50:00","EDT","NORTH",61755,629.8434
"08/17/2024 12:50:00","EDT","WEST",61752,2085.776
"08/17/2024 12:55:00","EDT","CAPITL",61757,1319.7439
"08/17/2024 12:55:00","EDT","CENTRL",61754,1805.0084
"08/17/2024 12:55:00","EDT","DUNWOD",61760,822.783
"08/17/2024 12:55:00","EDT","GENESE",61753,1343.7493
"08/17/2024 12:55:00","EDT","HUD VL",61758,1231.4888
"08/17/2024 12:55:00","EDT","LONGIL",61762,3152.5688
"08/17/2024 12:55:00","EDT","MHK VL",61756,865.8315
"08/17/2024 12:55:00","EDT","MILLWD",61759,385.458
"08/17/2024 12:55:00","EDT","N.Y.C.",61761,7136.331
"08/17/2024 12:55:00","EDT","NORTH",61755,627.3734
"08/17/2024 12:55:00","EDT","WEST",61752,2101.351
"08/17/2024 13:00:00","EDT","CAPITL",61757,1316.2433
"08/17/2024 13:00:00","EDT","CENTRL",61754,1784.3771
"08/17/2024 13:00:00","EDT","DUNWOD",61760,835.396
"08/17/2024 13:00:00","EDT","GENESE",61753,1353.36
"08/17/2024 13:00:00","EDT","HUD VL",61758,1230.4486
"08/17/2024 13:00:00","EDT","LONGIL",61762,3144.003
"08/17/2024 13:00:00","EDT","MHK VL",61756,857.6491
"08/17/2024 13:00:00","EDT","MILLWD",61759,382.341
"08/17/2024 13:00:00","EDT","N.Y.C.",61761,7133.26
"08/17/2024 13:00:00","EDT","NORTH",61755,616.5105
"08/17/2024 13:00:00","EDT","WEST",61752,2061.6414
"08/17/2024 13:05:00","EDT","CAPITL",61757,1304.2003
"08/17/2024 13:05:00","EDT","CENTRL",61754,1785.7876
"08/17/2024 13:05:00","EDT","DUNWOD",61760,837.2091
"08/17/2024 13:05:00","EDT","GENESE",61753,1352.0725
"08/17/2024 13:05:00","EDT","HUD VL",61758,1259.1567
"08/17/2024 13:05:00","EDT","LONGIL",61762,3133.768
"08/17/2024 13:05:00","EDT","MHK VL",61756,854.3615
"08/17/2024 13:05:00","EDT","MILLWD",61759,368.1174
"08/17/2024 13:05:00","EDT","N.Y.C.",61761,7106.0303
"08/17/2024 13:05:00","EDT","NORTH",61755,616.1693
"08/17/2024 13:05:00","EDT","WEST",61752,2083.9685
"08/17/2024 13:10:00","EDT","CAPITL",61757,1321.6085
"08/17/2024 13:10:00","EDT","CENTRL",61754,1795.0692
"08/17/2024 13:10:00","EDT","DUNWOD",61760,830.942
"08/17/2024 13:10:00","EDT","GENESE",61753,1340.7098
"08/17/2024 13:10:00","EDT","HUD VL",61758,1247.2935
"08/17/2024 13:10:00","EDT","LONGIL",61762,3157.315
"08/17/2024 13:10:00","EDT","MHK VL",61756,848.9711
"08/17/2024 13:10:00","EDT","MILLWD",61759,380.2495
"08/17/2024 13:10:00","EDT","N.Y.C.",61761,7103.5654
"08/17/2024 13:10:00","EDT","NORTH",61755,618.8485
"08/17/2024 13:10:00","EDT","WEST",61752,2070.6152
"08/17/2024 13:15:00","EDT","CAPITL",61757,1351.0974
"08/17/2024 13:15:00","EDT","CENTRL",61754,1822.3445
"08/17/2024 13:15:00","EDT","DUNWOD",61760,838.5212
"08/17/2024 13:15:00","EDT","GENESE",61753,1343.7465
"08/17/2024 13:15:00","EDT","HUD VL",61758,1269.336
"08/17/2024 13:15:00","EDT","LONGIL",61762,3167.2732
"08/17/2024 13:15:00","EDT","MHK VL",61756,849.189
"08/17/2024 13:15:00","EDT","MILLWD",61759,385.6335
"08/17/2024 13:15:00","EDT","N.Y.C.",61761,7051.3745
"08/17/2024 13:15:00","EDT","NORTH",61755,623.3687
"08/17/2024 13:15:00","EDT","WEST",61752,2087.753
"08/17/2024 13:20:00","EDT","CAPITL",61757,1343.1628
"08/17/2024 13:20:00","EDT","CENTRL",61754,1785.0017
"08/17/2024 13:20:00","EDT","DUNWOD",61760,823.3422
"08/17/2024 13:20:00","EDT","GENESE",61753,1356.5557
"08/17/2024 13:20:00","EDT","HUD VL",61758,1254.9176
"08/17/2024 13:20:00","EDT","LONGIL",61762,3205.3115
"08/17/2024 13:20:00","EDT","MHK VL",61756,866.5432
"08/17/2024 13:20:00","EDT","MILLWD",61759,402.4631
"08/17/2024 13:20:00","EDT","N.Y.C.",61761,7103.6226
"08/17/2024 13:20:00","EDT","NORTH",61755,617.7551
"08/17/2024 13:20:00","EDT","WEST",61752,2114.98
"08/17/2024 13:25:00","EDT","CAPITL",61757,1348.8363
"08/17/2024 13:25:00","EDT","CENTRL",61754,1802.9197
"08/17/2024 13:25:00","EDT","DUNWOD",61760,833.505
"08/17/2024 13:25:00","EDT","GENESE",61753,1340.7123
"08/17/2024 13:25:00","EDT","HUD VL",61758,1252.8512
"08/17/2024 13:25:00","EDT","LONGIL",61762,3209.2783
"08/17/2024 13:25:00","EDT","MHK VL",61756,873.1918
"08/17/2024 13:25:00","EDT","MILLWD",61759,388.4166
"08/17/2024 13:25:00","EDT","N.Y.C.",61761,7059.076
"08/17/2024 13:25:00","EDT","NORTH",61755,624.7516
"08/17/2024 13:25:00","EDT","WEST",61752,2132.1858
"08/17/2024 13:30:00","EDT","CAPITL",61757,1341.3481
"08/17/2024 13:30:00","EDT","CENTRL",61754,1780.0518
"08/17/2024 13:30:00","EDT","DUNWOD",61760,824.241
"08/17/2024 13:30:00","EDT","GENESE",61753,1344.9839
"08/17/2024 13:30:00","EDT","HUD VL",61758,1268.2632
"08/17/2024 13:30:00","EDT","LONGIL",61762,3221.995
"08/17/2024 13:30:00","EDT","MHK VL",61756,860.8471
"08/17/2024 13:30:00","EDT","MILLWD",61759,405.7023
"08/17/2024 13:30:00","EDT","N.Y.C.",61761,7095.841
"08/17/2024 13:30:00","EDT","NORTH",61755,630.905
"08/17/2024 13:30:00","EDT","WEST",61752,2110.1592
"08/17/2024 13:35:00","EDT","CAPITL",61757,1335.6
"08/17/2024 13:35:00","EDT","CENTRL",61754,1755.2107
"08/17/2024 13:35:00","EDT","DUNWOD",61760,852.0221
"08/17/2024 13:35:00","EDT","GENESE",61753,1352.3856
"08/17/2024 13:35:00","EDT","HUD VL",61758,1302.1145
"08/17/2024 13:35:00","EDT","LONGIL",61762,3209.143
"08/17/2024 13:35:00","EDT","MHK VL",61756,876.474
"08/17/2024 13:35:00","EDT","MILLWD",61759,410.044
"08/17/2024 13:35:00","EDT","N.Y.C.",61761,7076.9756
"08/17/2024 13:35:00","EDT","NORTH",61755,616.5164
"08/17/2024 13:35:00","EDT","WEST",61752,2121.5564
"08/17/2024 13:40:00","EDT","CAPITL",61757,1348.4498
"08/17/2024 13:40:00","EDT","CENTRL",61754,1766.4929
"08/17/2024 13:40:00","EDT","DUNWOD",61760,844.2316
"08/17/2024 13:40:00","EDT","GENESE",61753,1338.5632
"08/17/2024 13:40:00","EDT","HUD VL",61758,1296.5903
"08/17/2024 13:40:00","EDT","LONGIL",61762,3220.8745
"08/17/2024 13:40:00","EDT","MHK VL",61756,886.8344
"08/17/2024 13:40:00","EDT","MILLWD",61759,391.9925
"08/17/2024 13:40:00","EDT","N.Y.C.",61761,7056.1978
"08/17/2024 13:40:00","EDT","NORTH",61755,611.546
"08/17/2024 13:40:00","EDT","WEST",61752,2144.872
"08/17/2024 13:45:00","EDT","CAPITL",61757,1349.1672
"08/17/2024 13:45:00","EDT","CENTRL",61754,1785.6547
"08/17/2024 13:45:00","EDT","DUNWOD",61760,850.6531
"08/17/2024 13:45:00","EDT","GENESE",61753,1354.7522
"08/17/2024 13:45:00","EDT","HUD VL",61758,1319.0131
"08/17/2024 13:45:00","EDT","LONGIL",61762,3238.514
"08/17/2024 13:45:00","EDT","MHK VL",61756,854.8732
"08/17/2024 13:45:00","EDT","MILLWD",61759,409.2472
"08/17/2024 13:45:00","EDT","N.Y.C.",61761,7069.409
"08/17/2024 13:45:00","EDT","NORTH",61755,631.8132
"08/17/2024 13:45:00","EDT","WEST",61752,2158.3345
"08/17/2024 13:50:00","EDT","CAPITL",61757,1379.4688
"08/17/2024 13:50:00","EDT","CENTRL",61754,1774.388
"08/17/2024 13:50:00","EDT","DUNWOD",61760,855.7565
"08/17/2024 13:50:00","EDT","GENESE",61753,1371.0115
"08/17/2024 13:50:00","EDT","HUD VL",61758,1325.1661
"08/17/2024 13:50:00","EDT","LONGIL",61762,3242.4426
"08/17/2024 13:50:00","EDT","MHK VL",61756,855.8069
"08/17/2024 13:50:00","EDT","MILLWD",61759,408.9131
"08/17/2024 13:50:00","EDT","N.Y.C.",61761,7084.1343
"08/17/2024 13:50:00","EDT","NORTH",61755,645.9844
"08/17/2024 13:50:00","EDT","WEST",61752,2177.1467
"08/17/2024 13:55:00","EDT","CAPITL",61757,1382.2778
"08/17/2024 13:55:00","EDT","CENTRL",61754,1772.7437
"08/17/2024 13:55:00","EDT","DUNWOD",61760,838.8156
"08/17/2024 13:55:00","EDT","GENESE",61753,1363.3401
"08/17/2024 13:55:00","EDT","HUD VL",61758,1295.1229
"08/17/2024 13:55:00","EDT","LONGIL",61762,3235.418
"08/17/2024 13:55:00","EDT","MHK VL",61756,860.5686
"08/17/2024 13:55:00","EDT","MILLWD",61759,417.0406
"08/17/2024 13:55:00","EDT","N.Y.C.",61761,7092.5977
"08/17/2024 13:55:00","EDT","NORTH",61755,631.738
"08/17/2024 13:55:00","EDT","WEST",61752,2187.462
"08/17/2024 14:00:00","EDT","CAPITL",61757,1371.3713
"08/17/2024 14:00:00","EDT","CENTRL",61754,1811.2762
"08/17/2024 14:00:00","EDT","DUNWOD",61760,856.5339
"08/17/2024 14:00:00","EDT","GENESE",61753,1358.0763
"08/17/2024 14:00:00","EDT","HUD VL",61758,1318.6345
"08/17/2024 14:00:00","EDT","LONGIL",61762,3257.9465
"08/17/2024 14:00:00","EDT","MHK VL",61756,867.9082
"08/17/2024 14:00:00","EDT","MILLWD",61759,408.8823
"08/17/2024 14:00:00","EDT","N.Y.C.",61761,7081.4375
"08/17/2024 14:00:00","EDT","NORTH",61755,640.6623
"08/17/2024 14:00:00","EDT","WEST",61752,2174.8743
"08/17/2024 14:05:00","EDT","CAPITL",61757,1389.4795
"08/17/2024 14:05:00","EDT","CENTRL",61754,1791.7834
"08/17/2024 14:05:00","EDT","DUNWOD",61760,846.5109
"08/17/2024 14:05:00","EDT","GENESE",61753,1371.4457
"08/17/2024 14:05:00","EDT","HUD VL",61758,1298.4988
"08/17/2024 14:05:00","EDT","LONGIL",61762,3249.4453
"08/17/2024 14:05:00","EDT","MHK VL",61756,880.6345
"08/17/2024 14:05:00","EDT","MILLWD",61759,414.8592
"08/17/2024 14:05:00","EDT","N.Y.C.",61761,7068.702
"08/17/2024 14:05:00","EDT","NORTH",61755,622.7708
"08/17/2024 14:05:00","EDT","WEST",61752,2206.6973
"08/17/2024 14:10:00","EDT","CAPITL",61757,1369.2281
"08/17/2024 14:10:00","EDT","CENTRL",61754,1778.4833
"08/17/2024 14:10:00","EDT","DUNWOD",61760,845.3851
"08/17/2024 14:10:00","EDT","GENESE",61753,1379.6394
"08/17/2024 14:10:00","EDT","HUD VL",61758,1288.7971
"08/17/2024 14:10:00","EDT","LONGIL",61762,3244.5562
"08/17/2024 14:10:00","EDT","MHK VL",61756,877.1583
"08/17/2024 14:10:00","EDT","MILLWD",61759,424.0869
"08/17/2024 14:10:00","EDT","N.Y.C.",61761,7035.3745
"08/17/2024 14:10:00","EDT","NORTH",61755,607.8976
"08/17/2024 14:10:00","EDT","WEST",61752,2170.537
"08/17/2024 14:15:00","EDT","CAPITL",61757,1401.8855
"08/17/2024 14:15:00","EDT","CENTRL",61754,1783.7252
"08/17/2024 14:15:00","EDT","DUNWOD",61760,835.4744
"08/17/2024 14:15:00","EDT","GENESE",61753,1382.2908
"08/17/2024 14:15:00","EDT","HUD VL",61758,1274.9033
"08/17/2024 14:15:00","EDT","LONGIL",61762,3251.4954
"08/17/2024 14:15:00","EDT","MHK VL",61756,881.7128
"08/17/2024 14:15:00","EDT","MILLWD",61759,404.2938
"08/17/2024 14:15:00","EDT","N.Y.C.",61761,7028.9785
"08/17/2024 14:15:00","EDT","NORTH",61755,623.0017
"08/17/2024 14:15:00","EDT","WEST",61752,2194.3975
"08/17/2024 14:20:00","EDT","CAPITL",61757,1408.6335
"08/17/2024 14:20:00","EDT","CENTRL",61754,1754.8761
"08/17/2024 14:20:00","EDT","DUNWOD",61760,830.3728
"08/17/2024 14:20:00","EDT","GENESE",61753,1412.2695
"08/17/2024 14:20:00","EDT","HUD VL",61758,1317.102
"08/17/2024 14:20:00","EDT","LONGIL",61762,3264.6191
"08/17/2024 14:20:00","EDT","MHK VL",61756,863.2733
"08/17/2024 14:20:00","EDT","MILLWD",61759,415.9205
"08/17/2024 14:20:00","EDT","N.Y.C.",61761,7033.0303
"08/17/2024 14:20:00","EDT","NORTH",61755,628.291
"08/17/2024 14:20:00","EDT","WEST",61752,2200.1282
"08/17/2024 14:25:00","EDT","CAPITL",61757,1442.7528
"08/17/2024 14:25:00","EDT","CENTRL",61754,1755.5194
"08/17/2024 14:25:00","EDT","DUNWOD",61760,827.9769
"08/17/2024 14:25:00","EDT","GENESE",61753,1422.1099
"08/17/2024 14:25:00","EDT","HUD VL",61758,1343.5654
"08/17/2024 14:25:00","EDT","LONGIL",61762,3257.568
"08/17/2024 14:25:00","EDT","MHK VL",61756,864.4135
"08/17/2024 14:25:00","EDT","MILLWD",61759,410.3604
"08/17/2024 14:25:00","EDT","N.Y.C.",61761,7003.4795
"08/17/2024 14:25:00","EDT","NORTH",61755,636.5795
"08/17/2024 14:25:00","EDT","WEST",61752,2184.751
"08/17/2024 14:30:00","EDT","CAPITL",61757,1426.2749
"08/17/2024 14:30:00","EDT","CENTRL",61754,1752.3468
"08/17/2024 14:30:00","EDT","DUNWOD",61760,824.2389
"08/17/2024 14:30:00","EDT","GENESE",61753,1422.6907
"08/17/2024 14:30:00","EDT","HUD VL",61758,1350.5256
"08/17/2024 14:30:00","EDT","LONGIL",61762,3281.1033
"08/17/2024 14:30:00","EDT","MHK VL",61756,880.5449
"08/17/2024 14:30:00","EDT","MILLWD",61759,409.366
"08/17/2024 14:30:00","EDT","N.Y.C.",61761,6998.1797
"08/17/2024 14:30:00","EDT","NORTH",61755,622.2506
"08/17/2024 14:30:00","EDT","WEST",61752,2210.6577
"08/17/2024 14:35:00","EDT","CAPITL",61757,1436.0498
"08/17/2024 14:35:00","EDT","CENTRL",61754,1778.096
"08/17/2024 14:35:00","EDT","DUNWOD",61760,819.4133
"08/17/2024 14:35:00","EDT","GENESE",61753,1430.0895
"08/17/2024 14:35:00","EDT","HUD VL",61758,1392.683
"08/17/2024 14:35:00","EDT","LONGIL",61762,3274.23
"08/17/2024 14:35:00","EDT","MHK VL",61756,870.5472
"08/17/2024 14:35:00","EDT","MILLWD",61759,407.9391
"08/17/2024 14:35:00","EDT","N.Y.C.",61761,7007.79
"08/17/2024 14:35:00","EDT","NORTH",61755,623.408
"08/17/2024 14:35:00","EDT","WEST",61752,2186.2275
"08/17/2024 14:40:00","EDT","CAPITL",61757,1437.1873
"08/17/2024 14:40:00","EDT","CENTRL",61754,1773.8489
"08/17/2024 14:40:00","EDT","DUNWOD",61760,838.2514
"08/17/2024 14:40:00","EDT","GENESE",61753,1419.2144
"08/17/2024 14:40:00","EDT","HUD VL",61758,1383.1997
"08/17/2024 14:40:00","EDT","LONGIL",61762,3262.2983
"08/17/2024 14:40:00","EDT","MHK VL",61756,869.194
"08/17/2024 14:40:00","EDT","MILLWD",61759,412.6278
"08/17/2024 14:40:00","EDT","N.Y.C.",61761,7000.5674
"08/17/2024 14:40:00","EDT","NORTH",61755,624.7539
"08/17/2024 14:40:00","EDT","WEST",61752,2193.4167
"08/17/2024 14:45:00","EDT","CAPITL",61757,1453.9996
"08/17/2024 14:45:00","EDT","CENTRL",61754,1782.2008
"08/17/2024 14:45:00","EDT","DUNWOD",61760,846.5209
"08/17/2024 14:45:00","EDT","GENESE",61753,1423.9467
"08/17/2024 14:45:00","EDT","HUD VL",61758,1406.1665
"08/17/2024 14:45:00","EDT","LONGIL",61762,3253.6108
"08/17/2024 14:45:00","EDT","MHK VL",61756,867.8528
"08/17/2024 14:45:00","EDT","MILLWD",61759,412.5203
"08/17/2024 14:45:00","EDT","N.Y.C.",61761,7007.872
"08/17/2024 14:45:00","EDT","NORTH",61755,636.9336
"08/17/2024 14:45:00","EDT","WEST",61752,2201.104
"08/17/2024 14:50:00","EDT","CAPITL",61757,1473.9989
"08/17/2024 14:50:00","EDT","CENTRL",61754,1809.089
"08/17/2024 14:50:00","EDT","DUNWOD",61760,865.0217
"08/17/2024 14:50:00","EDT","GENESE",61753,1432.6558
"08/17/2024 14:50:00","EDT","HUD VL",61758,1427.5693
"08/17/2024 14:50:00","EDT","LONGIL",61762,3263.2407
"08/17/2024 14:50:00","EDT","MHK VL",61756,884.6705
"08/17/2024 14:50:00","EDT","MILLWD",61759,412.4196
"08/17/2024 14:50:00","EDT","N.Y.C.",61761,7013.6177
"08/17/2024 14:50:00","EDT","NORTH",61755,630.0073
"08/17/2024 14:50:00","EDT","WEST",61752,2185.7253
"08/17/2024 14:55:00","EDT","CAPITL",61757,1476.4009
"08/17/2024 14:55:00","EDT","CENTRL",61754,1808.1381
"08/17/2024 14:55:00","EDT","DUNWOD",61760,858.2601
"08/17/2024 14:55:00","EDT","GENESE",61753,1437.8414
"08/17/2024 14:55:00","EDT","HUD VL",61758,1413.9407
"08/17/2024 14:55:00","EDT","LONGIL",61762,3263.6123
"08/17/2024 14:55:00","EDT","MHK VL",61756,875.3934
"08/17/2024 14:55:00","EDT","MILLWD",61759,427.0025
"08/17/2024 14:55:00","EDT","N.Y.C.",61761,7015.4395
"08/17/2024 14:55:00","EDT","NORTH",61755,637.8471
"08/17/2024 14:55:00","EDT","WEST",61752,2207.6697
"08/17/2024 15:00:00","EDT","CAPITL",61757,1501.1445
"08/17/2024 15:00:00","EDT","CENTRL",61754,1815.8479
"08/17/2024 15:00:00","EDT","DUNWOD",61760,871.429
"08/17/2024 15:00:00","EDT","GENESE",61753,1449.8494
"08/17/2024 15:00:00","EDT","HUD VL",61758,1418.2832
"08/17/2024 15:00:00","EDT","LONGIL",61762,3264.3496
"08/17/2024 15:00:00","EDT","MHK VL",61756,867.1717
"08/17/2024 15:00:00","EDT","MILLWD",61759,405.5589
"08/17/2024 15:00:00","EDT","N.Y.C.",61761,7002.4463
"08/17/2024 15:00:00","EDT","NORTH",61755,621.6621
"08/17/2024 15:00:00","EDT","WEST",61752,2191.4104
"08/17/2024 15:05:00","EDT","CAPITL",61757,1496.7571
"08/17/2024 15:05:00","EDT","CENTRL",61754,1773.2255
"08/17/2024 15:05:00","EDT","DUNWOD",61760,854.1273
"08/17/2024 15:05:00","EDT","GENESE",61753,1456.8579
"08/17/2024 15:05:00","EDT","HUD VL",61758,1422.9377
"08/17/2024 15:05:00","EDT","LONGIL",61762,3257.4067
"08/17/2024 15:05:00","EDT","MHK VL",61756,869.7972
"08/17/2024 15:05:00","EDT","MILLWD",61759,420.5755
"08/17/2024 15:05:00","EDT","N.Y.C.",61761,6997.135
"08/17/2024 15:05:00","EDT","NORTH",61755,630.955
"08/17/2024 15:05:00","EDT","WEST",61752,2164.0286
"08/17/2024 15:10:00","EDT","CAPITL",61757,1510.5449
"08/17/2024 15:10:00","EDT","CENTRL",61754,1813.8949
"08/17/2024 15:10:00","EDT","DUNWOD",61760,864.9785
"08/17/2024 15:10:00","EDT","GENESE",61753,1452.8696
"08/17/2024 15:10:00","EDT","HUD VL",61758,1420.6168
"08/17/2024 15:10:00","EDT","LONGIL",61762,3254.0461
"08/17/2024 15:10:00","EDT","MHK VL",61756,865.8788
"08/17/2024 15:10:00","EDT","MILLWD",61759,419.8359
"08/17/2024 15:10:00","EDT","N.Y.C.",61761,6970.5527
"08/17/2024 15:10:00","EDT","NORTH",61755,619.7595
"08/17/2024 15:10:00","EDT","WEST",61752,2176.7578
"08/17/2024 15:15:00","EDT","CAPITL",61757,1516.0637
"08/17/2024 15:15:00","EDT","CENTRL",61754,1821.3956
"08/17/2024 15:15:00","EDT","DUNWOD",61760,861.9273
"08/17/2024 15:15:00","EDT","GENESE",61753,1454.6218
"08/17/2024 15:15:00","EDT","HUD VL",61758,1410.6523
"08/17/2024 15:15:00","EDT","LONGIL",61762,3276.375
"08/17/2024 15:15:00","EDT","MHK VL",61756,884.5449
"08/17/2024 15:15:00","EDT","MILLWD",61759,419.0251
"08/17/2024 15:15:00","EDT","N.Y.C.",61761,6974.425
"08/17/2024 15:15:00","EDT","NORTH",61755,620.9668
"08/17/2024 15:15:00","EDT","WEST",61752,2129.7832
"08/17/2024 15:20:00","EDT","CAPITL",61757,1532.3197
"08/17/2024 15:20:00","EDT","CENTRL",61754,1819.4302
"08/17/2024 15:20:00","EDT","DUNWOD",61760,869.0169
"08/17/2024 15:20:00","EDT","GENESE",61753,1472.1465
"08/17/2024 15:20:00","EDT","HUD VL",61758,1438.7568
"08/17/2024 15:20:00","EDT","LONGIL",61762,3302.0242
"08/17/2024 15:20:00","EDT","MHK VL",61756,899.9292
"08/17/2024 15:20:00","EDT","MILLWD",61759,415.5608
"08/17/2024 15:20:00","EDT","N.Y.C.",61761,6977.677
"08/17/2024 15:20:00","EDT","NORTH",61755,626.1484
"08/17/2024 15:20:00","EDT","WEST",61752,2143.6028
"08/17/2024 15:25:00","EDT","CAPITL",61757,1533.373
"08/17/2024 15:25:00","EDT","CENTRL",61754,1798.0587
"08/17/2024 15:25:00","EDT","DUNWOD",61760,864.5109
"08/17/2024 15:25:00","EDT","GENESE",61753,1483.4993
"08/17/2024 15:25:00","EDT","HUD VL",61758,1435.1448
"08/17/2024 15:25:00","EDT","LONGIL",61762,3305.37
"08/17/2024 15:25:00","EDT","MHK VL",61756,894.8591
"08/17/2024 15:25:00","EDT","MILLWD",61759,415.5621
"08/17/2024 15:25:00","EDT","N.Y.C.",61761,6971.0957
"08/17/2024 15:25:00","EDT","NORTH",61755,629.5294
"08/17/2024 15:25:00","EDT","WEST",61752,2134.6104
"08/17/2024 15:30:00","EDT","CAPITL",61757,1543.2566
"08/17/2024 15:30:00","EDT","CENTRL",61754,1814.1267
"08/17/2024 15:30:00","EDT","DUNWOD",61760,855.3585
"08/17/2024 15:30:00","EDT","GENESE",61753,1494.083
"08/17/2024 15:30:00","EDT","HUD VL",61758,1431.0155
"08/17/2024 15:30:00","EDT","LONGIL",61762,3328.9312
"08/17/2024 15:30:00","EDT","MHK VL",61756,919.8817
"08/17/2024 15:30:00","EDT","MILLWD",61759,432.558
"08/17/2024 15:30:00","EDT","N.Y.C.",61761,6983.1787
"08/17/2024 15:30:00","EDT","NORTH",61755,613.9263
"08/17/2024 15:30:00","EDT","WEST",61752,2123.438
"08/17/2024 15:35:00","EDT","CAPITL",61757,1538.3953
"08/17/2024 15:35:00","EDT","CENTRL",61754,1815.0602
"08/17/2024 15:35:00","EDT","DUNWOD",61760,853.6846
"08/17/2024 15:35:00","EDT","GENESE",61753,1491.7373
"08/17/2024 15:35:00","EDT","HUD VL",61758,1425.5745
"08/17/2024 15:35:00","EDT","LONGIL",61762,3302.6274
"08/17/2024 15:35:00","EDT","MHK VL",61756,901.5086
"08/17/2024 15:35:00","EDT","MILLWD",61759,434.7058
"08/17/2024 15:35:00","EDT","N.Y.C.",61761,6987.9736
"08/17/2024 15:35:00","EDT","NORTH",61755,631.5252
"08/17/2024 15:35:00","EDT","WEST",61752,2115.423
"08/17/2024 15:40:00","EDT","CAPITL",61757,1554.2992
"08/17/2024 15:40:00","EDT","CENTRL",61754,1830.9216
"08/17/2024 15:40:00","EDT","DUNWOD",61760,870.112
"08/17/2024 15:40:00","EDT","GENESE",61753,1500.1328
"08/17/2024 15:40:00","EDT","HUD VL",61758,1408.1438
"08/17/2024 15:40:00","EDT","LONGIL",61762,3315.4421
"08/17/2024 15:40:00","EDT","MHK VL",61756,904.8848
"08/17/2024 15:40:00","EDT","MILLWD",61759,437.8909
"08/17/2024 15:40:00","EDT","N.Y.C.",61761,6997.1357
"08/17/2024 15:40:00","EDT","NORTH",61755,626.4641
"08/17/2024 15:40:00","EDT","WEST",61752,2126.8042
"08/17/2024 15:45:00","EDT","CAPITL",61757,1550.2251
"08/17/2024 15:45:00","EDT","CENTRL",61754,1795.36
"08/17/2024 15:45:00","EDT","DUNWOD",61760,859.7207
"08/17/2024 15:45:00","EDT","GENESE",61753,1508.9832
"08/17/2024 15:45:00","EDT","HUD VL",61758,1436.5297
"08/17/2024 15:45:00","EDT","LONGIL",61762,3324.1226
"08/17/2024 15:45:00","EDT","MHK VL",61756,902.5457
"08/17/2024 15:45:00","EDT","MILLWD",61759,426.3169
"08/17/2024 15:45:00","EDT","N.Y.C.",61761,6985.983
"08/17/2024 15:45:00","EDT","NORTH",61755,626.4794
"08/17/2024 15:45:00","EDT","WEST",61752,2080.2366
"08/17/2024 15:50:00","EDT","CAPITL",61757,1568.3289
"08/17/2024 15:50:00","EDT","CENTRL",61754,1802.8674
"08/17/2024 15:50:00","EDT","DUNWOD",61760,856.1934
"08/17/2024 15:50:00","EDT","GENESE",61753,1503.972
"08/17/2024 15:50:00","EDT","HUD VL",61758,1436.8818
"08/17/2024 15:50:00","EDT","LONGIL",61762,3338.89
"08/17/2024 15:50:00","EDT","MHK VL",61756,879.3927
"08/17/2024 15:50:00","EDT","MILLWD",61759,416.3715
"08/17/2024 15:50:00","EDT","N.Y.C.",61761,6972.3486
"08/17/2024 15:50:00","EDT","NORTH",61755,625.1526
"08/17/2024 15:50:00","EDT","WEST",61752,2048.3481
"08/17/2024 15:55:00","EDT","CAPITL",61757,1579.8887
"08/17/2024 15:55:00","EDT","CENTRL",61754,1831.4102
"08/17/2024 15:55:00","EDT","DUNWOD",61760,865.1052
"08/17/2024 15:55:00","EDT","GENESE",61753,1503.6073
"08/17/2024 15:55:00","EDT","HUD VL",61758,1416.7283
"08/17/2024 15:55:00","EDT","LONGIL",61762,3340.7795
"08/17/2024 15:55:00","EDT","MHK VL",61756,882.8787
"08/17/2024 15:55:00","EDT","MILLWD",61759,396.5602
"08/17/2024 15:55:00","EDT","N.Y.C.",61761,6941.0537
"08/17/2024 15:55:00","EDT","NORTH",61755,616.6524
"08/17/2024 15:55:00","EDT","WEST",61752,2057.469
"08/17/2024 16:00:00","EDT","CAPITL",61757,1567.8549
"08/17/2024 16:00:00","EDT","CENTRL",61754,1793.8229
"08/17/2024 16:00:00","EDT","DUNWOD",61760,858.0766
"08/17/2024 16:00:00","EDT","GENESE",61753,1515.4083
"08/17/2024 16:00:00","EDT","HUD VL",61758,1449.3063
"08/17/2024 16:00:00","EDT","LONGIL",61762,3334.5903
"08/17/2024 16:00:00","EDT","MHK VL",61756,887.1244
"08/17/2024 16:00:00","EDT","MILLWD",61759,422.0057
"08/17/2024 16:00:00","EDT","N.Y.C.",61761,6958.0234
"08/17/2024 16:00:00","EDT","NORTH",61755,625.1421
"08/17/2024 16:00:00","EDT","WEST",61752,2047.4468
"08/17/2024 16:05:00","EDT","CAPITL",61757,1552.8704
"08/17/2024 16:05:00","EDT","CENTRL",61754,1849.4971
"08/17/2024 16:05:00","EDT","DUNWOD",61760,843.6527
"08/17/2024 16:05:00","EDT","GENESE",61753,1517.1691
"08/17/2024 16:05:00","EDT","HUD VL",61758,1443.7574
"08/17/2024 16:05:00","EDT","LONGIL",61762,3337.6777
"08/17/2024 16:05:00","EDT","MHK VL",61756,876.3637
"08/17/2024 16:05:00","EDT","MILLWD",61759,412.4214
"08/17/2024 16:05:00","EDT","N.Y.C.",61761,6945.64
"08/17/2024 16:05:00","EDT","NORTH",61755,619.639
"08/17/2024 16:05:00","EDT","WEST",61752,2037.7119
"08/17/2024 16:10:00","EDT","CAPITL",61757,1563.9058
"08/17/2024 16:10:00","EDT","CENTRL",61754,1801.526
"08/17/2024 16:10:00","EDT","DUNWOD",61760,849.5199
"08/17/2024 16:10:00","EDT","GENESE",61753,1512.4767
"08/17/2024 16:10:00","EDT","HUD VL",61758,1450.6895
"08/17/2024 16:10:00","EDT","LONGIL",61762,3335.4224
"08/17/2024 16:10:00","EDT","MHK VL",61756,887.3448
"08/17/2024 16:10:00","EDT","MILLWD",61759,429.2799
"08/17/2024 16:10:00","EDT","N.Y.C.",61761,6953.285
"08/17/2024 16:10:00","EDT","NORTH",61755,636.4908
"08/17/2024 16:10:00","EDT","WEST",61752,2028.4247
"08/17/2024 16:15:00","EDT","CAPITL",61757,1575.2996
"08/17/2024 16:15:00","EDT","CENTRL",61754,1840.401
"08/17/2024 16:15:00","EDT","DUNWOD",61760,844.8391
"08/17/2024 16:15:00","EDT","GENESE",61753,1498.285
"08/17/2024 16:15:00","EDT","HUD VL",61758,1434.7645
"08/17/2024 16:15:00","EDT","LONGIL",61762,3331.7275
"08/17/2024 16:15:00","EDT","MHK VL",61756,868.4435
"08/17/2024 16:15:00","EDT","MILLWD",61759,419.0262
"08/17/2024 16:15:00","EDT","N.Y.C.",61761,6951.8086
"08/17/2024 16:15:00","EDT","NORTH",61755,634.5007
"08/17/2024 16:15:00","EDT","WEST",61752,2005.5796
"08/17/2024 16:20:00","EDT","CAPITL",61757,1575.2372
"08/17/2024 16:20:00","EDT","CENTRL",61754,1815.0498
"08/17/2024 16:20:00","EDT","DUNWOD",61760,839.7449
"08/17/2024 16:20:00","EDT","GENESE",61753,1498.9951
"08/17/2024 16:20:00","EDT","HUD VL",61758,1434.0654
"08/17/2024 16:20:00","EDT","LONGIL",61762,3330.241
"08/17/2024 16:20:00","EDT","MHK VL",61756,885.8644
"08/17/2024 16:20:00","EDT","MILLWD",61759,428.6276
"08/17/2024 16:20:00","EDT","N.Y.C.",61761,7002.753
"08/17/2024 16:20:00","EDT","NORTH",61755,627.7971
"08/17/2024 16:20:00","EDT","WEST",61752,2004.7145
"08/17/2024 16:25:00","EDT","CAPITL",61757,1569.9175
"08/17/2024 16:25:00","EDT","CENTRL",61754,1836.6174
"08/17/2024 16:25:00","EDT","DUNWOD",61760,845.6508
"08/17/2024 16:25:00","EDT","GENESE",61753,1510.2188
"08/17/2024 16:25:00","EDT","HUD VL",61758,1421.1289
"08/17/2024 16:25:00","EDT","LONGIL",61762,3345.4941
"08/17/2024 16:25:00","EDT","MHK VL",61756,888.353
"08/17/2024 16:25:00","EDT","MILLWD",61759,414.7098
"08/17/2024 16:25:00","EDT","N.Y.C.",61761,6967.891
"08/17/2024 16:25:00","EDT","NORTH",61755,617.4851
"08/17/2024 16:25:00","EDT","WEST",61752,2017.2026
"08/17/2024 16:30:00","EDT","CAPITL",61757,1581.9138
"08/17/2024 16:30:00","EDT","CENTRL",61754,1865.0249
"08/17/2024 16:30:00","EDT","DUNWOD",61760,852.5645
"08/17/2024 16:30:00","EDT","GENESE",61753,1522.166
"08/17/2024 16:30:00","EDT","HUD VL",61758,1435.8623
"08/17/2024 16:30:00","EDT","LONGIL",61762,3336.1025
"08/17/2024 16:30:00","EDT","MHK VL",61756,872.3015
"08/17/2024 16:30:00","EDT","MILLWD",61759,412.1376
"08/17/2024 16:30:00","EDT","N.Y.C.",61761,6952.4014
"08/17/2024 16:30:00","EDT","NORTH",61755,620.6835
"08/17/2024 16:30:00","EDT","WEST",61752,1998.9661
"08/17/2024 16:35:00","EDT","CAPITL",61757,1596.594
"08/17/2024 16:35:00","EDT","CENTRL",61754,1820.3403
"08/17/2024 16:35:00","EDT","DUNWOD",61760,849.3613
"08/17/2024 16:35:00","EDT","GENESE",61753,1534.2588
"08/17/2024 16:35:00","EDT","HUD VL",61758,1448.8127
"08/17/2024 16:35:00","EDT","LONGIL",61762,3342.575
"08/17/2024 16:35:00","EDT","MHK VL",61756,886.3331
"08/17/2024 16:35:00","EDT","MILLWD",61759,409.2645
"08/17/2024 16:35:00","EDT","N.Y.C.",61761,6953.8257
"08/17/2024 16:35:00","EDT","NORTH",61755,631.203
"08/17/2024 16:35:00","EDT","WEST",61752,2008.393
"08/17/2024 16:40:00","EDT","CAPITL",61757,1574.7264
"08/17/2024 16:40:00","EDT","CENTRL",61754,1833.6096
"08/17/2024 16:40:00","EDT","DUNWOD",61760,832.5509
"08/17/2024 16:40:00","EDT","GENESE",61753,1540.4883
"08/17/2024 16:40:00","EDT","HUD VL",61758,1441.144
"08/17/2024 16:40:00","EDT","LONGIL",61762,3355.521
"08/17/2024 16:40:00","EDT","MHK VL",61756,894.019
"08/17/2024 16:40:00","EDT","MILLWD",61759,411.916
"08/17/2024 16:40:00","EDT","N.Y.C.",61761,6938.588
"08/17/2024 16:40:00","EDT","NORTH",61755,637.8742
"08/17/2024 16:40:00","EDT","WEST",61752,2006.0724
"08/17/2024 16:45:00","EDT","CAPITL",61757,1585.5071
"08/17/2024 16:45:00","EDT","CENTRL",61754,1871.2728
"08/17/2024 16:45:00","EDT","DUNWOD",61760,834.0669
"08/17/2024 16:45:00","EDT","GENESE",61753,1549.5701
"08/17/2024 16:45:00","EDT","HUD VL",61758,1441.6228
"08/17/2024 16:45:00","EDT","LONGIL",61762,3358.39
"08/17/2024 16:45:00","EDT","MHK VL",61756,909.2693
"08/17/2024 16:45:00","EDT","MILLWD",61759,408.9029
"08/17/2024 16:45:00","EDT","N.Y.C.",61761,6923.5225
"08/17/2024 16:45:00","EDT","NORTH",61755,632.5871
"08/17/2024 16:45:00","EDT","WEST",61752,2006.4979
"08/17/2024 16:50:00","EDT","CAPITL",61757,1604.6742
"08/17/2024 16:50:00","EDT","CENTRL",61754,1867.5935
"08/17/2024 16:50:00","EDT","DUNWOD",61760,833.1509
"08/17/2024 16:50:00","EDT","GENESE",61753,1556.3851
"08/17/2024 16:50:00","EDT","HUD VL",61758,1454.7019
"08/17/2024 16:50:00","EDT","LONGIL",61762,3358.0437
"08/17/2024 16:50:00","EDT","MHK VL",61756,905.8235
"08/17/2024 16:50:00","EDT","MILLWD",61759,400.2742
"08/17/2024 16:50:00","EDT","N.Y.C.",61761,6918.814
"08/17/2024 16:50:00","EDT","NORTH",61755,638.5516
"08/17/2024 16:50:00","EDT","WEST",61752,2009.1688
"08/17/2024 16:55:00","EDT","CAPITL",61757,1610.2866
"08/17/2024 16:55:00","EDT","CENTRL",61754,1874.76
"08/17/2024 16:55:00","EDT","DUNWOD",61760,844.5247
"08/17/2024 16:55:00","EDT","GENESE",61753,1561.8523
"08/17/2024 16:55:00","EDT","HUD VL",61758,1425.07
"08/17/2024 16:55:00","EDT","LONGIL",61762,3374.213
"08/17/2024 16:55:00","EDT","MHK VL",61756,903.9835
"08/17/2024 16:55:00","EDT","MILLWD",61759,395.6212
"08/17/2024 16:55:00","EDT","N.Y.C.",61761,6875.536
"08/17/2024 16:55:00","EDT","NORTH",61755,630.9626
"08/17/2024 16:55:00","EDT","WEST",61752,1979.9948
"08/17/2024 17:00:00","EDT","CAPITL",61757,1609.764
"08/17/2024 17:00:00","EDT","CENTRL",61754,1874.6444
"08/17/2024 17:00:00","EDT","DUNWOD",61760,844.3177
"08/17/2024 17:00:00","EDT","GENESE",61753,1565.7854
"08/17/2024 17:00:00","EDT","HUD VL",61758,1435.9692
"08/17/2024 17:00:00","EDT","LONGIL",61762,3366.8936
"08/17/2024 17:00:00","EDT","MHK VL",61756,912.783
"08/17/2024 17:00:00","EDT","MILLWD",61759,394.5954
"08/17/2024 17:00:00","EDT","N.Y.C.",61761,6859.0474
"08/17/2024 17:00:00","EDT","NORTH",61755,643.4408
"08/17/2024 17:00:00","EDT","WEST",61752,2010.1715
"08/17/2024 17:05:00","EDT","CAPITL",61757,1596.932
"08/17/2024 17:05:00","EDT","CENTRL",61754,1878.9678
"08/17/2024 17:05:00","EDT","DUNWOD",61760,870.8712
"08/17/2024 17:05:00","EDT","GENESE",61753,1566.9772
"08/17/2024 17:05:00","EDT","HUD VL",61758,1430.0393
"08/17/2024 17:05:00","EDT","LONGIL",61762,3350.1653
"08/17/2024 17:05:00","EDT","MHK VL",61756,919.9345
"08/17/2024 17:05:00","EDT","MILLWD",61759,390.2604
"08/17/2024 17:05:00","EDT","N.Y.C.",61761,6836.669
"08/17/2024 17:05:00","EDT","NORTH",61755,628.5184
"08/17/2024 17:05:00","EDT","WEST",61752,2001.2227
"08/17/2024 17:10:00","EDT","CAPITL",61757,1597.5575
"08/17/2024 17:10:00","EDT","CENTRL",61754,1879.2504
"08/17/2024 17:10:00","EDT","DUNWOD",61760,868.2519
"08/17/2024 17:10:00","EDT","GENESE",61753,1555.9878
"08/17/2024 17:10:00","EDT","HUD VL",61758,1444.2833
"08/17/2024 17:10:00","EDT","LONGIL",61762,3331.0537
"08/17/2024 17:10:00","EDT","MHK VL",61756,892.6525
"08/17/2024 17:10:00","EDT","MILLWD",61759,392.2423
"08/17/2024 17:10:00","EDT","N.Y.C.",61761,6790.125
"08/17/2024 17:10:00","EDT","NORTH",61755,643.5289
"08/17/2024 17:10:00","EDT","WEST",61752,1976.7059
"08/17/2024 17:15:00","EDT","CAPITL",61757,1613.4949
"08/17/2024 17:15:00","EDT","CENTRL",61754,1910.034
"08/17/2024 17:15:00","EDT","DUNWOD",61760,855.3503
"08/17/2024 17:15:00","EDT","GENESE",61753,1546.3213
"08/17/2024 17:15:00","EDT","HUD VL",61758,1449.4768
"08/17/2024 17:15:00","EDT","LONGIL",61762,3324.0977
"08/17/2024 17:15:00","EDT","MHK VL",61756,901.6575
"08/17/2024 17:15:00","EDT","MILLWD",61759,405.9689
"08/17/2024 17:15:00","EDT","N.Y.C.",61761,6765.162
"08/17/2024 17:15:00","EDT","NORTH",61755,640.5184
"08/17/2024 17:15:00","EDT","WEST",61752,1979.9993
"08/17/2024 17:20:00","EDT","CAPITL",61757,1619.8015
"08/17/2024 17:20:00","EDT","CENTRL",61754,1910.2178
"08/17/2024 17:20:00","EDT","DUNWOD",61760,841.5367
"08/17/2024 17:20:00","EDT","GENESE",61753,1559.3809
"08/17/2024 17:20:00","EDT","HUD VL",61758,1432.5835
"08/17/2024 17:20:00","EDT","LONGIL",61762,3347.9385
"08/17/2024 17:20:00","EDT","MHK VL",61756,902.4495
"08/17/2024 17:20:00","EDT","MILLWD",61759,407.6663
"08/17/2024 17:20:00","EDT","N.Y.C.",61761,6735.852
"08/17/2024 17:20:00","EDT","NORTH",61755,643.1475
"08/17/2024 17:20:00","EDT","WEST",61752,1974.658
"08/17/2024 17:25:00","EDT","CAPITL",61757,1620.9031
"08/17/2024 17:25:00","EDT","CENTRL",61754,1862.3383
"08/17/2024 17:25:00","EDT","DUNWOD",61760,854.4641
"08/17/2024 17:25:00","EDT","GENESE",61753,1553.2991
"08/17/2024 17:25:00","EDT","HUD VL",61758,1438.7869
"08/17/2024 17:25:00","EDT","LONGIL",61762,3330.4048
"08/17/2024 17:25:00","EDT","MHK VL",61756,894.8106
"08/17/2024 17:25:00","EDT","MILLWD",61759,395.3334
"08/17/2024 17:25:00","EDT","N.Y.C.",61761,6655.243
"08/17/2024 17:25:00","EDT","NORTH",61755,650.4046
"08/17/2024 17:25:00","EDT","WEST",61752,1962.7944
"08/17/2024 17:30:00","EDT","CAPITL",61757,1628.9282
"08/17/2024 17:30:00","EDT","CENTRL",61754,1892.7648
"08/17/2024 17:30:00","EDT","DUNWOD",61760,854.822
"08/17/2024 17:30:00","EDT","GENESE",61753,1539.8721
"08/17/2024 17:30:00","EDT","HUD VL",61758,1437.2909
"08/17/2024 17:30:00","EDT","LONGIL",61762,3333.502
"08/17/2024 17:30:00","EDT","MHK VL",61756,904.3123
"08/17/2024 17:30:00","EDT","MILLWD",61759,375.833
"08/17/2024 17:30:00","EDT","N.Y.C.",61761,6645.618
"08/17/2024 17:30:00","EDT","NORTH",61755,638.92
"08/17/2024 17:30:00","EDT","WEST",61752,1959.9299
"08/17/2024 17:35:00","EDT","CAPITL",61757,1625.4385
"08/17/2024 17:35:00","EDT","CENTRL",61754,1858.5966
"08/17/2024 17:35:00","EDT","DUNWOD",61760,850.5118
"08/17/2024 17:35:00","EDT","GENESE",61753,1531.2405
"08/17/2024 17:35:00","EDT","HUD VL",61758,1423.6707
"08/17/2024 17:35:00","EDT","LONGIL",61762,3318.7407
"08/17/2024 17:35:00","EDT","MHK VL",61756,905.2889
"08/17/2024 17:35:00","EDT","MILLWD",61759,398.3156
"08/17/2024 17:35:00","EDT","N.Y.C.",61761,6608.713
"08/17/2024 17:35:00","EDT","NORTH",61755,645.609
"08/17/2024 17:35:00","EDT","WEST",61752,1988.0541
"08/17/2024 17:40:00","EDT","CAPITL",61757,1622.3219
"08/17/2024 17:40:00","EDT","CENTRL",61754,1866.1401
"08/17/2024 17:40:00","EDT","DUNWOD",61760,840.5343
"08/17/2024 17:40:00","EDT","GENESE",61753,1521.4841
"08/17/2024 17:40:00","EDT","HUD VL",61758,1405.6289
"08/17/2024 17:40:00","EDT","LONGIL",61762,3322.5908
"08/17/2024 17:40:00","EDT","MHK VL",61756,938.8587
"08/17/2024 17:40:00","EDT","MILLWD",61759,406.4561
"08/17/2024 17:40:00","EDT","N.Y.C.",61761,6601.057
"08/17/2024 17:40:00","EDT","NORTH",61755,641.9747
"08/17/2024 17:40:00","EDT","WEST",61752,2009.6655
"08/17/2024 17:45:00","EDT","CAPITL",61757,1620.2437
"08/17/2024 17:45:00","EDT","CENTRL",61754,1890.3657
"08/17/2024 17:45:00","EDT","DUNWOD",61760,850.5674
"08/17/2024 17:45:00","EDT","GENESE",61753,1509.9319
"08/17/2024 17:45:00","EDT","HUD VL",61758,1411.3281
"08/17/2024 17:45:00","EDT","LONGIL",61762,3301.8145
"08/17/2024 17:45:00","EDT","MHK VL",61756,931.8447
"08/17/2024 17:45:00","EDT","MILLWD",61759,404.679
"08/17/2024 17:45:00","EDT","N.Y.C.",61761,6553.5117
"08/17/2024 17:45:00","EDT","NORTH",61755,646.8872
"08/17/2024 17:45:00","EDT","WEST",61752,2030.0002
"08/17/2024 17:50:00","EDT","CAPITL",61757,1627.3562
"08/17/2024 17:50:00","EDT","CENTRL",61754,1899.6228
"08/17/2024 17:50:00","EDT","DUNWOD",61760,844.1241
"08/17/2024 17:50:00","EDT","GENESE",61753,1499.7981
"08/17/2024 17:50:00","EDT","HUD VL",61758,1426.1145
"08/17/2024 17:50:00","EDT","LONGIL",61762,3300.77
"08/17/2024 17:50:00","EDT","MHK VL",61756,943.9697
"08/17/2024 17:50:00","EDT","MILLWD",61759,390.0905
"08/17/2024 17:50:00","EDT","N.Y.C.",61761,6524.8965
"08/17/2024 17:50:00","EDT","NORTH",61755,638.2626
"08/17/2024 17:50:00","EDT","WEST",61752,2003.6522
"08/17/2024 17:55:00","EDT","CAPITL",61757,1624.9563
"08/17/2024 17:55:00","EDT","CENTRL",61754,1912.1284
"08/17/2024 17:55:00","EDT","DUNWOD",61760,844.4478
"08/17/2024 17:55:00","EDT","GENESE",61753,1479.3363
"08/17/2024 17:55:00","EDT","HUD VL",61758,1397.6003
"08/17/2024 17:55:00","EDT","LONGIL",61762,3287.4934
"08/17/2024 17:55:00","EDT","MHK VL",61756,919.296
"08/17/2024 17:55:00","EDT","MILLWD",61759,391.3679
"08/17/2024 17:55:00","EDT","N.Y.C.",61761,6518.5547
"08/17/2024 17:55:00","EDT","NORTH",61755,662.1415
"08/17/2024 17:55:00","EDT","WEST",61752,2033.3951
"08/17/2024 18:00:00","EDT","CAPITL",61757,1615.1432
"08/17/2024 18:00:00","EDT","CENTRL",61754,1923.7975
"08/17/2024 18:00:00","EDT","DUNWOD",61760,839.1157
"08/17/2024 18:00:00","EDT","GENESE",61753,1481.342
"08/17/2024 18:00:00","EDT","HUD VL",61758,1394.4692
"08/17/2024 18:00:00","EDT","LONGIL",61762,3288.142
"08/17/2024 18:00:00","EDT","MHK VL",61756,932.469
"08/17/2024 18:00:00","EDT","MILLWD",61759,396.5892
"08/17/2024 18:00:00","EDT","N.Y.C.",61761,6503.069
"08/17/2024 18:00:00","EDT","NORTH",61755,652.8535
"08/17/2024 18:00:00","EDT","WEST",61752,2030.0696
"08/17/2024 18:05:00","EDT","CAPITL",61757,1624.456
"08/17/2024 18:05:00","EDT","CENTRL",61754,1924.9532
"08/17/2024 18:05:00","EDT","DUNWOD",61760,839.6436
"08/17/2024 18:05:00","EDT","GENESE",61753,1475.8701
"08/17/2024 18:05:00","EDT","HUD VL",61758,1420.1646
"08/17/2024 18:05:00","EDT","LONGIL",61762,3262.1553
"08/17/2024 18:05:00","EDT","MHK VL",61756,938.0821
"08/17/2024 18:05:00","EDT","MILLWD",61759,384.3255
"08/17/2024 18:05:00","EDT","N.Y.C.",61761,6470.3213
"08/17/2024 18:05:00","EDT","NORTH",61755,655.0421
"08/17/2024 18:05:00","EDT","WEST",61752,2027.2109
"08/17/2024 18:10:00","EDT","CAPITL",61757,1616.3916
"08/17/2024 18:10:00","EDT","CENTRL",61754,1898.239
"08/17/2024 18:10:00","EDT","DUNWOD",61760,832.1401
"08/17/2024 18:10:00","EDT","GENESE",61753,1457.4299
"08/17/2024 18:10:00","EDT","HUD VL",61758,1407.2249
"08/17/2024 18:10:00","EDT","LONGIL",61762,3257.2778
"08/17/2024 18:10:00","EDT","MHK VL",61756,943.0548
"08/17/2024 18:10:00","EDT","MILLWD",61759,400.4484
"08/17/2024 18:10:00","EDT","N.Y.C.",61761,6459.2705
"08/17/2024 18:10:00","EDT","NORTH",61755,648.0606
"08/17/2024 18:10:00","EDT","WEST",61752,2028.3
"08/17/2024 18:15:00","EDT","CAPITL",61757,1607.6969
"08/17/2024 18:15:00","EDT","CENTRL",61754,1912.3573
"08/17/2024 18:15:00","EDT","DUNWOD",61760,821.0652
"08/17/2024 18:15:00","EDT","GENESE",61753,1451.1123
"08/17/2024 18:15:00","EDT","HUD VL",61758,1405.3628
"08/17/2024 18:15:00","EDT","LONGIL",61762,3261.3198
"08/17/2024 18:15:00","EDT","MHK VL",61756,944.8764
"08/17/2024 18:15:00","EDT","MILLWD",61759,394.8155
"08/17/2024 18:15:00","EDT","N.Y.C.",61761,6463.6914
"08/17/2024 18:15:00","EDT","NORTH",61755,645.2754
"08/17/2024 18:15:00","EDT","WEST",61752,2011.5256
"08/17/2024 18:20:00","EDT","CAPITL",61757,1615.9963
"08/17/2024 18:20:00","EDT","CENTRL",61754,1896.8871
"08/17/2024 18:20:00","EDT","DUNWOD",61760,813.6897
"08/17/2024 18:20:00","EDT","GENESE",61753,1447.3892
"08/17/2024 18:20:00","EDT","HUD VL",61758,1372.4672
"08/17/2024 18:20:00","EDT","LONGIL",61762,3268.017
"08/17/2024 18:20:00","EDT","MHK VL",61756,939.2539
"08/17/2024 18:20:00","EDT","MILLWD",61759,394.3356
"08/17/2024 18:20:00","EDT","N.Y.C.",61761,6454.5977
"08/17/2024 18:20:00","EDT","NORTH",61755,656.6935
"08/17/2024 18:20:00","EDT","WEST",61752,2009.2065
"08/17/2024 18:25:00","EDT","CAPITL",61757,1623.6919
"08/17/2024 18:25:00","EDT","CENTRL",61754,1935.4751
"08/17/2024 18:25:00","EDT","DUNWOD",61760,803.1402
"08/17/2024 18:25:00","EDT","GENESE",61753,1441.1587
"08/17/2024 18:25:00","EDT","HUD VL",61758,1396.3508
"08/17/2024 18:25:00","EDT","LONGIL",61762,3245.149
"08/17/2024 18:25:00","EDT","MHK VL",61756,936.2063
"08/17/2024 18:25:00","EDT","MILLWD",61759,388.506
"08/17/2024 18:25:00","EDT","N.Y.C.",61761,6435.132
"08/17/2024 18:25:00","EDT","NORTH",61755,641.8816
"08/17/2024 18:25:00","EDT","WEST",61752,2018.2019
"08/17/2024 18:30:00","EDT","CAPITL",61757,1626.3325
"08/17/2024 18:30:00","EDT","CENTRL",61754,1929.208
"08/17/2024 18:30:00","EDT","DUNWOD",61760,805.0501
"08/17/2024 18:30:00","EDT","GENESE",61753,1438.9385
"08/17/2024 18:30:00","EDT","HUD VL",61758,1387.7968
"08/17/2024 18:30:00","EDT","LONGIL",61762,3243.1807
"08/17/2024 18:30:00","EDT","MHK VL",61756,937.6421
"08/17/2024 18:30:00","EDT","MILLWD",61759,401.0332
"08/17/2024 18:30:00","EDT","N.Y.C.",61761,6459.9365
"08/17/2024 18:30:00","EDT","NORTH",61755,658.2196
"08/17/2024 18:30:00","EDT","WEST",61752,2047.4166
"08/17/2024 18:35:00","EDT","CAPITL",61757,1616.2261
"08/17/2024 18:35:00","EDT","CENTRL",61754,1926.3773
"08/17/2024 18:35:00","EDT","DUNWOD",61760,795.1635
"08/17/2024 18:35:00","EDT","GENESE",61753,1426.0824
"08/17/2024 18:35:00","EDT","HUD VL",61758,1398.3008
"08/17/2024 18:35:00","EDT","LONGIL",61762,3233.2036
"08/17/2024 18:35:00","EDT","MHK VL",61756,945.2422
"08/17/2024 18:35:00","EDT","MILLWD",61759,393.0047
"08/17/2024 18:35:00","EDT","N.Y.C.",61761,6411.1475
"08/17/2024 18:35:00","EDT","NORTH",61755,646.0739
"08/17/2024 18:35:00","EDT","WEST",61752,2028.9001
"08/17/2024 18:40:00","EDT","CAPITL",61757,1616.2887
"08/17/2024 18:40:00","EDT","CENTRL",61754,1924.5747
"08/17/2024 18:40:00","EDT","DUNWOD",61760,797.0342
"08/17/2024 18:40:00","EDT","GENESE",61753,1427.7589
"08/17/2024 18:40:00","EDT","HUD VL",61758,1388.0721
"08/17/2024 18:40:00","EDT","LONGIL",61762,3220.2651
"08/17/2024 18:40:00","EDT","MHK VL",61756,956.3965
"08/17/2024 18:40:00","EDT","MILLWD",61759,397.3305
"08/17/2024 18:40:00","EDT","N.Y.C.",61761,6413.199
"08/17/2024 18:40:00","EDT","NORTH",61755,644.7634
"08/17/2024 18:40:00","EDT","WEST",61752,2014.6216
"08/17/2024 18:45:00","EDT","CAPITL",61757,1608.0671
"08/17/2024 18:45:00","EDT","CENTRL",61754,1942.2435
"08/17/2024 18:45:00","EDT","DUNWOD",61760,796.4522
"08/17/2024 18:45:00","EDT","GENESE",61753,1413.8812
"08/17/2024 18:45:00","EDT","HUD VL",61758,1369.575
"08/17/2024 18:45:00","EDT","LONGIL",61762,3204.6802
"08/17/2024 18:45:00","EDT","MHK VL",61756,955.0165
"08/17/2024 18:45:00","EDT","MILLWD",61759,386.1332
"08/17/2024 18:45:00","EDT","N.Y.C.",61761,6412.029
"08/17/2024 18:45:00","EDT","NORTH",61755,644.1471
"08/17/2024 18:45:00","EDT","WEST",61752,2019.0161
"08/17/2024 18:50:00","EDT","CAPITL",61757,1607.542
"08/17/2024 18:50:00","EDT","CENTRL",61754,1901.2104
"08/17/2024 18:50:00","EDT","DUNWOD",61760,804.97
"08/17/2024 18:50:00","EDT","GENESE",61753,1411.7405
"08/17/2024 18:50:00","EDT","HUD VL",61758,1343.2549
"08/17/2024 18:50:00","EDT","LONGIL",61762,3194.614
"08/17/2024 18:50:00","EDT","MHK VL",61756,974.1722
"08/17/2024 18:50:00","EDT","MILLWD",61759,389.1932
"08/17/2024 18:50:00","EDT","N.Y.C.",61761,6417.8184
"08/17/2024 18:50:00","EDT","NORTH",61755,648.571
"08/17/2024 18:50:00","EDT","WEST",61752,2023.8115
"08/17/2024 18:55:00","EDT","CAPITL",61757,1624.0051
"08/17/2024 18:55:00","EDT","CENTRL",61754,1881.0178
"08/17/2024 18:55:00","EDT","DUNWOD",61760,792.1179
"08/17/2024 18:55:00","EDT","GENESE",61753,1412.1511
"08/17/2024 18:55:00","EDT","HUD VL",61758,1367.6768
"08/17/2024 18:55:00","EDT","LONGIL",61762,3212.3098
"08/17/2024 18:55:00","EDT","MHK VL",61756,972.1625
"08/17/2024 18:55:00","EDT","MILLWD",61759,388.3385
"08/17/2024 18:55:00","EDT","N.Y.C.",61761,6414.3945
"08/17/2024 18:55:00","EDT","NORTH",61755,644.8677
"08/17/2024 18:55:00","EDT","WEST",61752,2027.3914
"08/17/2024 19:00:00","EDT","CAPITL",61757,1620.6309
"08/17/2024 19:00:00","EDT","CENTRL",61754,1920.0817
"08/17/2024 19:00:00","EDT","DUNWOD",61760,785.2265
"08/17/2024 19:00:00","EDT","GENESE",61753,1406.1389
"08/17/2024 19:00:00","EDT","HUD VL",61758,1369.4811
"08/17/2024 19:00:00","EDT","LONGIL",61762,3186.8928
"08/17/2024 19:00:00","EDT","MHK VL",61756,982.299
"08/17/2024 19:00:00","EDT","MILLWD",61759,391.4335
"08/17/2024 19:00:00","EDT","N.Y.C.",61761,6407.841
"08/17/2024 19:00:00","EDT","NORTH",61755,627.2449
"08/17/2024 19:00:00","EDT","WEST",61752,2027.3649
"08/17/2024 19:05:00","EDT","CAPITL",61757,1621.3657
"08/17/2024 19:05:00","EDT","CENTRL",61754,1917.8055
"08/17/2024 19:05:00","EDT","DUNWOD",61760,788.5626
"08/17/2024 19:05:00","EDT","GENESE",61753,1411.3269
"08/17/2024 19:05:00","EDT","HUD VL",61758,1340.6836
"08/17/2024 19:05:00","EDT","LONGIL",61762,3176.8271
"08/17/2024 19:05:00","EDT","MHK VL",61756,957.0664
"08/17/2024 19:05:00","EDT","MILLWD",61759,380.1329
"08/17/2024 19:05:00","EDT","N.Y.C.",61761,6371.0195
"08/17/2024 19:05:00","EDT","NORTH",61755,646.798
"08/17/2024 19:05:00","EDT","WEST",61752,2022.3254
"08/17/2024 19:10:00","EDT","CAPITL",61757,1622.6997
"08/17/2024 19:10:00","EDT","CENTRL",61754,1905.7314
"08/17/2024 19:10:00","EDT","DUNWOD",61760,805.2741
"08/17/2024 19:10:00","EDT","GENESE",61753,1406.6993
"08/17/2024 19:10:00","EDT","HUD VL",61758,1364.4132
"08/17/2024 19:10:00","EDT","LONGIL",61762,3160.7922
"08/17/2024 19:10:00","EDT","MHK VL",61756,967.7299
"08/17/2024 19:10:00","EDT","MILLWD",61759,367.7496
"08/17/2024 19:10:00","EDT","N.Y.C.",61761,6355.1743
"08/17/2024 19:10:00","EDT","NORTH",61755,646.0537
"08/17/2024 19:10:00","EDT","WEST",61752,2033.4186
"08/17/2024 19:15:00","EDT","CAPITL",61757,1604.8599
"08/17/2024 19:15:00","EDT","CENTRL",61754,1892.4581
"08/17/2024 19:15:00","EDT","DUNWOD",61760,789.8958
"08/17/2024 19:15:00","EDT","GENESE",61753,1399.6052
"08/17/2024 19:15:00","EDT","HUD VL",61758,1337.3662
"08/17/2024 19:15:00","EDT","LONGIL",61762,3171.3608
"08/17/2024 19:15:00","EDT","MHK VL",61756,959.0944
"08/17/2024 19:15:00","EDT","MILLWD",61759,384.7477
"08/17/2024 19:15:00","EDT","N.Y.C.",61761,6361.5933
"08/17/2024 19:15:00","EDT","NORTH",61755,638.1854
"08/17/2024 19:15:00","EDT","WEST",61752,2017.9805
"08/17/2024 19:20:00","EDT","CAPITL",61757,1596.1489
"08/17/2024 19:20:00","EDT","CENTRL",61754,1888.55
"08/17/2024 19:20:00","EDT","DUNWOD",61760,782.911
"08/17/2024 19:20:00","EDT","GENESE",61753,1401.7684
"08/17/2024 19:20:00","EDT","HUD VL",61758,1376.7064
"08/17/2024 19:20:00","EDT","LONGIL",61762,3163.8643
"08/17/2024 19:20:00","EDT","MHK VL",61756,984.1404
"08/17/2024 19:20:00","EDT","MILLWD",61759,382.919
"08/17/2024 19:20:00","EDT","N.Y.C.",61761,6359.6426
"08/17/2024 19:20:00","EDT","NORTH",61755,638.3732
"08/17/2024 19:20:00","EDT","WEST",61752,2021.7599
"08/17/2024 19:25:00","EDT","CAPITL",61757,1620.7845
"08/17/2024 19:25:00","EDT","CENTRL",61754,1870.9517
"08/17/2024 19:25:00","EDT","DUNWOD",61760,781.6207
"08/17/2024 19:25:00","EDT","GENESE",61753,1400.3687
"08/17/2024 19:25:00","EDT","HUD VL",61758,1332.5115
"08/17/2024 19:25:00","EDT","LONGIL",61762,3155.3994
"08/17/2024 19:25:00","EDT","MHK VL",61756,967.3255
"08/17/2024 19:25:00","EDT","MILLWD",61759,385.596
"08/17/2024 19:25:00","EDT","N.Y.C.",61761,6336.9165
"08/17/2024 19:25:00","EDT","NORTH",61755,643.4782
"08/17/2024 19:25:00","EDT","WEST",61752,1997.7998
"08/17/2024 19:30:00","EDT","CAPITL",61757,1618.5098
"08/17/2024 19:30:00","EDT","CENTRL",61754,1876.1884
"08/17/2024 19:30:00","EDT","DUNWOD",61760,771.6611
"08/17/2024 19:30:00","EDT","GENESE",61753,1396.7549
"08/17/2024 19:30:00","EDT","HUD VL",61758,1346.1207
"08/17/2024 19:30:00","EDT","LONGIL",61762,3158.611
"08/17/2024 19:30:00","EDT","MHK VL",61756,953.5195
"08/17/2024 19:30:00","EDT","MILLWD",61759,381.7803
"08/17/2024 19:30:00","EDT","N.Y.C.",61761,6350.073
"08/17/2024 19:30:00","EDT","NORTH",61755,645.3628
"08/17/2024 19:30:00","EDT","WEST",61752,2018.7726
"08/17/2024 19:35:00","EDT","CAPITL",61757,1618.6189
"08/17/2024 19:35:00","EDT","CENTRL",61754,1826.4585
"08/17/2024 19:35:00","EDT","DUNWOD",61760,789.5846
"08/17/2024 19:35:00","EDT","GENESE",61753,1399.5682
"08/17/2024 19:35:00","EDT","HUD VL",61758,1355.9432
"08/17/2024 19:35:00","EDT","LONGIL",61762,3148.4492
"08/17/2024 19:35:00","EDT","MHK VL",61756,975.5355
"08/17/2024 19:35:00","EDT","MILLWD",61759,378.099
"08/17/2024 19:35:00","EDT","N.Y.C.",61761,6337.865
"08/17/2024 19:35:00","EDT","NORTH",61755,640.2074
"08/17/2024 19:35:00","EDT","WEST",61752,1998.5116
"08/17/2024 19:40:00","EDT","CAPITL",61757,1592.2095
"08/17/2024 19:40:00","EDT","CENTRL",61754,1831.7333
"08/17/2024 19:40:00","EDT","DUNWOD",61760,798.7453
"08/17/2024 19:40:00","EDT","GENESE",61753,1399.2749
"08/17/2024 19:40:00","EDT","HUD VL",61758,1334.2808
"08/17/2024 19:40:00","EDT","LONGIL",61762,3129.0667
"08/17/2024 19:40:00","EDT","MHK VL",61756,976.4308
"08/17/2024 19:40:00","EDT","MILLWD",61759,373.1144
"08/17/2024 19:40:00","EDT","N.Y.C.",61761,6323.297
"08/17/2024 19:40:00","EDT","NORTH",61755,640.0096
"08/17/2024 19:40:00","EDT","WEST",61752,2006.95
"08/17/2024 19:45:00","EDT","CAPITL",61757,1615.8441
"08/17/2024 19:45:00","EDT","CENTRL",61754,1876.3201
"08/17/2024 19:45:00","EDT","DUNWOD",61760,776.8294
"08/17/2024 19:45:00","EDT","GENESE",61753,1396.5913
"08/17/2024 19:45:00","EDT","HUD VL",61758,1336.4456
"08/17/2024 19:45:00","EDT","LONGIL",61762,3128.8284
"08/17/2024 19:45:00","EDT","MHK VL",61756,982.494
"08/17/2024 19:45:00","EDT","MILLWD",61759,393.754
"08/17/2024 19:45:00","EDT","N.Y.C.",61761,6347.9355
"08/17/2024 19:45:00","EDT","NORTH",61755,640.2255
"08/17/2024 19:45:00","EDT","WEST",61752,2002.1318
"08/17/2024 19:50:00","EDT","CAPITL",61757,1607.1288
"08/17/2024 19:50:00","EDT","CENTRL",61754,1861.9835
"08/17/2024 19:50:00","EDT","DUNWOD",61760,779.6709
"08/17/2024 19:50:00","EDT","GENESE",61753,1382.889
"08/17/2024 19:50:00","EDT","HUD VL",61758,1344.6041
"08/17/2024 19:50:00","EDT","LONGIL",61762,3111.0144
"08/17/2024 19:50:00","EDT","MHK VL",61756,962.0967
"08/17/2024 19:50:00","EDT","MILLWD",61759,377.9041
"08/17/2024 19:50:00","EDT","N.Y.C.",61761,6363.371
"08/17/2024 19:50:00","EDT","NORTH",61755,642.1976
"08/17/2024 19:50:00","EDT","WEST",61752,2017.5087
"08/17/2024 19:55:00","EDT","CAPITL",61757,1605.7681
"08/17/2024 19:55:00","EDT","CENTRL",61754,1878.4512
"08/17/2024 19:55:00","EDT","DUNWOD",61760,775.421
"08/17/2024 19:55:00","EDT","GENESE",61753,1388.3932
"08/17/2024 19:55:00","EDT","HUD VL",61758,1334.8181
"08/17/2024 19:55:00","EDT","LONGIL",61762,3121.3252
"08/17/2024 19:55:00","EDT","MHK VL",61756,973.8059
"08/17/2024 19:55:00","EDT","MILLWD",61759,385.1881
"08/17/2024 19:55:00","EDT","N.Y.C.",61761,6403.7295
"08/17/2024 19:55:00","EDT","NORTH",61755,632.0066
"08/17/2024 19:55:00","EDT","WEST",61752,1999.811
"08/17/2024 20:00:00","EDT","CAPITL",61757,1614.3308
"08/17/2024 20:00:00","EDT","CENTRL",61754,1866.4423
"08/17/2024 20:00:00","EDT","DUNWOD",61760,789.7324
"08/17/2024 20:00:00","EDT","GENESE",61753,1379.0903
"08/17/2024 20:00:00","EDT","HUD VL",61758,1322.1838
"08/17/2024 20:00:00","EDT","LONGIL",61762,3125.8154
"08/17/2024 20:00:00","EDT","MHK VL",61756,972.0304
"08/17/2024 20:00:00","EDT","MILLWD",61759,374.865
"08/17/2024 20:00:00","EDT","N.Y.C.",61761,6345.115
"08/17/2024 20:00:00","EDT","NORTH",61755,637.1574
"08/17/2024 20:00:00","EDT","WEST",61752,1989.5894
"08/17/2024 20:05:00","EDT","CAPITL",61757,1629.8582
"08/17/2024 20:05:00","EDT","CENTRL",61754,1899.6212
"08/17/2024 20:05:00","EDT","DUNWOD",61760,772.4897
"08/17/2024 20:05:00","EDT","GENESE",61753,1378.8717
"08/17/2024 20:05:00","EDT","HUD VL",61758,1333.6887
"08/17/2024 20:05:00","EDT","LONGIL",61762,3105.554
"08/17/2024 20:05:00","EDT","MHK VL",61756,970.2963
"08/17/2024 20:05:00","EDT","MILLWD",61759,415.9969
"08/17/2024 20:05:00","EDT","N.Y.C.",61761,6338.0693
"08/17/2024 20:05:00","EDT","NORTH",61755,637.2759
"08/17/2024 20:05:00","EDT","WEST",61752,1976.8093
"08/17/2024 20:10:00","EDT","CAPITL",61757,1634.099
"08/17/2024 20:10:00","EDT","CENTRL",61754,1890.2264
"08/17/2024 20:10:00","EDT","DUNWOD",61760,786.5111
"08/17/2024 20:10:00","EDT","GENESE",61753,1376.7211
"08/17/2024 20:10:00","EDT","HUD VL",61758,1310.7632
"08/17/2024 20:10:00","EDT","LONGIL",61762,3113.2693
"08/17/2024 20:10:00","EDT","MHK VL",61756,972.6763
"08/17/2024 20:10:00","EDT","MILLWD",61759,384.1895
"08/17/2024 20:10:00","EDT","N.Y.C.",61761,6365.4746
"08/17/2024 20:10:00","EDT","NORTH",61755,638.6491
"08/17/2024 20:10:00","EDT","WEST",61752,1999.615
"08/17/2024 20:15:00","EDT","CAPITL",61757,1633.5159
"08/17/2024 20:15:00","EDT","CENTRL",61754,1894.837
"08/17/2024 20:15:00","EDT","DUNWOD",61760,790.447
"08/17/2024 20:15:00","EDT","GENESE",61753,1370.1936
"08/17/2024 20:15:00","EDT","HUD VL",61758,1319.6978
"08/17/2024 20:15:00","EDT","LONGIL",61762,3100.2034
"08/17/2024 20:15:00","EDT","MHK VL",61756,986.1982
"08/17/2024 20:15:00","EDT","MILLWD",61759,383.5737
"08/17/2024 20:15:00","EDT","N.Y.C.",61761,6351.0596
"08/17/2024 20:15:00","EDT","NORTH",61755,635.9946
"08/17/2024 20:15:00","EDT","WEST",61752,1985.0066
"08/17/2024 20:20:00","EDT","CAPITL",61757,1612.9336
"08/17/2024 20:20:00","EDT","CENTRL",61754,1910.1732
"08/17/2024 20:20:00","EDT","DUNWOD",61760,794.7007
"08/17/2024 20:20:00","EDT","GENESE",61753,1379.2798
"08/17/2024 20:20:00","EDT","HUD VL",61758,1315.9458
"08/17/2024 20:20:00","EDT","LONGIL",61762,3109.2017
"08/17/2024 20:20:00","EDT","MHK VL",61756,973.9993
"08/17/2024 20:20:00","EDT","MILLWD",61759,368.0347
"08/17/2024 20:20:00","EDT","N.Y.C.",61761,6332.653
"08/17/2024 20:20:00","EDT","NORTH",61755,641.1347
"08/17/2024 20:20:00","EDT","WEST",61752,1981.5212
"08/17/2024 20:25:00","EDT","CAPITL",61757,1631.8396
"08/17/2024 20:25:00","EDT","CENTRL",61754,1899.9384
"08/17/2024 20:25:00","EDT","DUNWOD",61760,793.2744
"08/17/2024 20:25:00","EDT","GENESE",61753,1378.5762
"08/17/2024 20:25:00","EDT","HUD VL",61758,1318.99
"08/17/2024 20:25:00","EDT","LONGIL",61762,3088.9277
"08/17/2024 20:25:00","EDT","MHK VL",61756,970.613
"08/17/2024 20:25:00","EDT","MILLWD",61759,375.3814
"08/17/2024 20:25:00","EDT","N.Y.C.",61761,6338.747
"08/17/2024 20:25:00","EDT","NORTH",61755,639.7554
"08/17/2024 20:25:00","EDT","WEST",61752,1989.7388
"08/17/2024 20:30:00","EDT","CAPITL",61757,1609.7656
"08/17/2024 20:30:00","EDT","CENTRL",61754,1848.827
"08/17/2024 20:30:00","EDT","DUNWOD",61760,797.6339
"08/17/2024 20:30:00","EDT","GENESE",61753,1378.8054
"08/17/2024 20:30:00","EDT","HUD VL",61758,1328.127
"08/17/2024 20:30:00","EDT","LONGIL",61762,3090.5312
"08/17/2024 20:30:00","EDT","MHK VL",61756,980.8273
"08/17/2024 20:30:00","EDT","MILLWD",61759,381.001
"08/17/2024 20:30:00","EDT","N.Y.C.",61761,6364.74
"08/17/2024 20:30:00","EDT","NORTH",61755,630.8292
"08/17/2024 20:30:00","EDT","WEST",61752,1995.5621
"08/17/2024 20:35:00","EDT","CAPITL",61757,1612.117
"08/17/2024 20:35:00","EDT","CENTRL",61754,1911.0507
"08/17/2024 20:35:00","EDT","DUNWOD",61760,787.527
"08/17/2024 20:35:00","EDT","GENESE",61753,1377.6963
"08/17/2024 20:35:00","EDT","HUD VL",61758,1307.04
"08/17/2024 20:35:00","EDT","LONGIL",61762,3076.77
"08/17/2024 20:35:00","EDT","MHK VL",61756,974.6157
"08/17/2024 20:35:00","EDT","MILLWD",61759,394.4671
"08/17/2024 20:35:00","EDT","N.Y.C.",61761,6359.6416
"08/17/2024 20:35:00","EDT","NORTH",61755,627.0703
"08/17/2024 20:35:00","EDT","WEST",61752,1983.5188
"08/17/2024 20:40:00","EDT","CAPITL",61757,1606.4379
"08/17/2024 20:40:00","EDT","CENTRL",61754,1866.2217
"08/17/2024 20:40:00","EDT","DUNWOD",61760,784.1475
"08/17/2024 20:40:00","EDT","GENESE",61753,1373.3507
"08/17/2024 20:40:00","EDT","HUD VL",61758,1295.6558
"08/17/2024 20:40:00","EDT","LONGIL",61762,3064.4668
"08/17/2024 20:40:00","EDT","MHK VL",61756,958.842
"08/17/2024 20:40:00","EDT","MILLWD",61759,373.3749
"08/17/2024 20:40:00","EDT","N.Y.C.",61761,6354.127
"08/17/2024 20:40:00","EDT","NORTH",61755,646.4879
"08/17/2024 20:40:00","EDT","WEST",61752,2014.8552
"08/17/2024 20:45:00","EDT","CAPITL",61757,1614.3788
"08/17/2024 20:45:00","EDT","CENTRL",61754,1876.3667
"08/17/2024 20:45:00","EDT","DUNWOD",61760,785.3298
"08/17/2024 20:45:00","EDT","GENESE",61753,1374.2234
"08/17/2024 20:45:00","EDT","HUD VL",61758,1300.2993
"08/17/2024 20:45:00","EDT","LONGIL",61762,3047.3513
"08/17/2024 20:45:00","EDT","MHK VL",61756,969.9921
"08/17/2024 20:45:00","EDT","MILLWD",61759,383.3195
"08/17/2024 20:45:00","EDT","N.Y.C.",61761,6381.317
"08/17/2024 20:45:00","EDT","NORTH",61755,645.3566
"08/17/2024 20:45:00","EDT","WEST",61752,2001.0664
"08/17/2024 20:50:00","EDT","CAPITL",61757,1605.7632
"08/17/2024 20:50:00","EDT","CENTRL",61754,1868.4885
"08/17/2024 20:50:00","EDT","DUNWOD",61760,773.8427
"08/17/2024 20:50:00","EDT","GENESE",61753,1370.1233
"08/17/2024 20:50:00","EDT","HUD VL",61758,1322.7056
"08/17/2024 20:50:00","EDT","LONGIL",61762,3031.9414
"08/17/2024 20:50:00","EDT","MHK VL",61756,975.6561
"08/17/2024 20:50:00","EDT","MILLWD",61759,369.5415
"08/17/2024 20:50:00","EDT","N.Y.C.",61761,6355.537
"08/17/2024 20:50:00","EDT","NORTH",61755,628.7217
"08/17/2024 20:50:00","EDT","WEST",61752,1983.2593
"08/17/2024 20:55:00","EDT","CAPITL",61757,1583.9917
"08/17/2024 20:55:00","EDT","CENTRL",61754,1879.5411
"08/17/2024 20:55:00","EDT","DUNWOD",61760,783.7572
"08/17/2024 20:55:00","EDT","GENESE",61753,1356.1161
"08/17/2024 20:55:00","EDT","HUD VL",61758,1306.8807
"08/17/2024 20:55:00","EDT","LONGIL",61762,3025.8945
"08/17/2024 20:55:00","EDT","MHK VL",61756,981.5151
"08/17/2024 20:55:00","EDT","MILLWD",61759,374.1215
"08/17/2024 20:55:00","EDT","N.Y.C.",61761,6354.422
"08/17/2024 20:55:00","EDT","NORTH",61755,623.9332
"08/17/2024 20:55:00","EDT","WEST",61752,2015.8593
"08/17/2024 21:00:00","EDT","CAPITL",61757,1590.7797
"08/17/2024 21:00:00","EDT","CENTRL",61754,1875.8354
"08/17/2024 21:00:00","EDT","DUNWOD",61760,784.854
"08/17/2024 21:00:00","EDT","GENESE",61753,1364.0469
"08/17/2024 21:00:00","EDT","HUD VL",61758,1294.479
"08/17/2024 21:00:00","EDT","LONGIL",61762,3053.2993
"08/17/2024 21:00:00","EDT","MHK VL",61756,979.6419
"08/17/2024 21:00:00","EDT","MILLWD",61759,375.3232
"08/17/2024 21:00:00","EDT","N.Y.C.",61761,6342.636
"08/17/2024 21:00:00","EDT","NORTH",61755,627.4446
"08/17/2024 21:00:00","EDT","WEST",61752,1983.7369
"08/17/2024 21:05:00","EDT","CAPITL",61757,1591.4075
"08/17/2024 21:05:00","EDT","CENTRL",61754,1876.444
"08/17/2024 21:05:00","EDT","DUNWOD",61760,773.2289
"08/17/2024 21:05:00","EDT","GENESE",61753,1348.753
"08/17/2024 21:05:00","EDT","HUD VL",61758,1317.0894
"08/17/2024 21:05:00","EDT","LONGIL",61762,3008.1733
"08/17/2024 21:05:00","EDT","MHK VL",61756,965.8016
"08/17/2024 21:05:00","EDT","MILLWD",61759,375.2069
"08/17/2024 21:05:00","EDT","N.Y.C.",61761,6355.628
"08/17/2024 21:05:00","EDT","NORTH",61755,624.0325
"08/17/2024 21:05:00","EDT","WEST",61752,1996.5774
"08/17/2024 21:10:00","EDT","CAPITL",61757,1587.3333
"08/17/2024 21:10:00","EDT","CENTRL",61754,1830.9032
"08/17/2024 21:10:00","EDT","DUNWOD",61760,784.2947
"08/17/2024 21:10:00","EDT","GENESE",61753,1349.5613
"08/17/2024 21:10:00","EDT","HUD VL",61758,1279.5413
"08/17/2024 21:10:00","EDT","LONGIL",61762,2999.142
"08/17/2024 21:10:00","EDT","MHK VL",61756,972.8485
"08/17/2024 21:10:00","EDT","MILLWD",61759,368.8532
"08/17/2024 21:10:00","EDT","N.Y.C.",61761,6343.897
"08/17/2024 21:10:00","EDT","NORTH",61755,620.0728
"08/17/2024 21:10:00","EDT","WEST",61752,1978.5675
"08/17/2024 21:15:00","EDT","CAPITL",61757,1585.1462
"08/17/2024 21:15:00","EDT","CENTRL",61754,1849.0564
"08/17/2024 21:15:00","EDT","DUNWOD",61760,773.7965
"08/17/2024 21:15:00","EDT","GENESE",61753,1343.5161
"08/17/2024 21:15:00","EDT","HUD VL",61758,1290.4214
"08/17/2024 21:15:00","EDT","LONGIL",61762,2992.2993
"08/17/2024 21:15:00","EDT","MHK VL",61756,964.1227
"08/17/2024 21:15:00","EDT","MILLWD",61759,363.8164
"08/17/2024 21:15:00","EDT","N.Y.C.",61761,6351.183
"08/17/2024 21:15:00","EDT","NORTH",61755,631.1381
"08/17/2024 21:15:00","EDT","WEST",61752,1981.964
"08/17/2024 21:20:00","EDT","CAPITL",61757,1562.7126
"08/17/2024 21:20:00","EDT","CENTRL",61754,1849.617
"08/17/2024 21:20:00","EDT","DUNWOD",61760,783.1059
"08/17/2024 21:20:00","EDT","GENESE",61753,1340.3408
"08/17/2024 21:20:00","EDT","HUD VL",61758,1283.3885
"08/17/2024 21:20:00","EDT","LONGIL",61762,2980.4517
"08/17/2024 21:20:00","EDT","MHK VL",61756,950.1919
"08/17/2024 21:20:00","EDT","MILLWD",61759,358.7278
"08/17/2024 21:20:00","EDT","N.Y.C.",61761,6326.122
"08/17/2024 21:20:00","EDT","NORTH",61755,631.27
"08/17/2024 21:20:00","EDT","WEST",61752,1961.441
"08/17/2024 21:25:00","EDT","CAPITL",61757,1572.405
"08/17/2024 21:25:00","EDT","CENTRL",61754,1863.0336
"08/17/2024 21:25:00","EDT","DUNWOD",61760,769.2383
"08/17/2024 21:25:00","EDT","GENESE",61753,1328.3698
"08/17/2024 21:25:00","EDT","HUD VL",61758,1284.6199
"08/17/2024 21:25:00","EDT","LONGIL",61762,2972.393
"08/17/2024 21:25:00","EDT","MHK VL",61756,954.3693
"08/17/2024 21:25:00","EDT","MILLWD",61759,357.8699
"08/17/2024 21:25:00","EDT","N.Y.C.",61761,6318.1357
"08/17/2024 21:25:00","EDT","NORTH",61755,630.2556
"08/17/2024 21:25:00","EDT","WEST",61752,1959.233
"08/17/2024 21:30:00","EDT","CAPITL",61757,1549.3029
"08/17/2024 21:30:00","EDT","CENTRL",61754,1824.4575
"08/17/2024 21:30:00","EDT","DUNWOD",61760,765.6866
"08/17/2024 21:30:00","EDT","GENESE",61753,1334.9407
"08/17/2024 21:30:00","EDT","HUD VL",61758,1288.9565
"08/17/2024 21:30:00","EDT","LONGIL",61762,2951.3042
"08/17/2024 21:30:00","EDT","MHK VL",61756,955.496
"08/17/2024 21:30:00","EDT","MILLWD",61759,348.212
"08/17/2024 21:30:00","EDT","N.Y.C.",61761,6331.432
"08/17/2024 21:30:00","EDT","NORTH",61755,632.6094
"08/17/2024 21:30:00","EDT","WEST",61752,1968.4358
"08/17/2024 21:35:00","EDT","CAPITL",61757,1565.0227
"08/17/2024 21:35:00","EDT","CENTRL",61754,1829.0164
"08/17/2024 21:35:00","EDT","DUNWOD",61760,772.4506
"08/17/2024 21:35:00","EDT","GENESE",61753,1325.6484
"08/17/2024 21:35:00","EDT","HUD VL",61758,1258.4011
"08/17/2024 21:35:00","EDT","LONGIL",61762,2941.5278
"08/17/2024 21:35:00","EDT","MHK VL",61756,964.2013
"08/17/2024 21:35:00","EDT","MILLWD",61759,358.2086
"08/17/2024 21:35:00","EDT","N.Y.C.",61761,6340.286
"08/17/2024 21:35:00","EDT","NORTH",61755,624.0317
"08/17/2024 21:35:00","EDT","WEST",61752,1955.3759
"08/17/2024 21:40:00","EDT","CAPITL",61757,1564.9595
"08/17/2024 21:40:00","EDT","CENTRL",61754,1819.8036
"08/17/2024 21:40:00","EDT","DUNWOD",61760,763.9586
"08/17/2024 21:40:00","EDT","GENESE",61753,1326.4104
"08/17/2024 21:40:00","EDT","HUD VL",61758,1279.7446
"08/17/2024 21:40:00","EDT","LONGIL",61762,2941.1343
"08/17/2024 21:40:00","EDT","MHK VL",61756,943.5172
"08/17/2024 21:40:00","EDT","MILLWD",61759,353.5739
"08/17/2024 21:40:00","EDT","N.Y.C.",61761,6339.782
"08/17/2024 21:40:00","EDT","NORTH",61755,626.2937
"08/17/2024 21:40:00","EDT","WEST",61752,1957.5897
"08/17/2024 21:45:00","EDT","CAPITL",61757,1544.4167
"08/17/2024 21:45:00","EDT","CENTRL",61754,1824.8328
"08/17/2024 21:45:00","EDT","DUNWOD",61760,756.8948
"08/17/2024 21:45:00","EDT","GENESE",61753,1307.9669
"08/17/2024 21:45:00","EDT","HUD VL",61758,1246.5105
"08/17/2024 21:45:00","EDT","LONGIL",61762,2927.3853
"08/17/2024 21:45:00","EDT","MHK VL",61756,940.431
"08/17/2024 21:45:00","EDT","MILLWD",61759,356.1706
"08/17/2024 21:45:00","EDT","N.Y.C.",61761,6349.4424
"08/17/2024 21:45:00","EDT","NORTH",61755,627.3218
"08/17/2024 21:45:00","EDT","WEST",61752,1949.2405
"08/17/2024 21:50:00","EDT","CAPITL",61757,1531.7482
"08/17/2024 21:50:00","EDT","CENTRL",61754,1818.7443
"08/17/2024 21:50:00","EDT","DUNWOD",61760,748.8239
"08/17/2024 21:50:00","EDT","GENESE",61753,1303.5386
"08/17/2024 21:50:00","EDT","HUD VL",61758,1246.7144
"08/17/2024 21:50:00","EDT","LONGIL",61762,2912.3862
"08/17/2024 21:50:00","EDT","MHK VL",61756,949.8086
"08/17/2024 21:50:00","EDT","MILLWD",61759,357.4853
"08/17/2024 21:50:00","EDT","N.Y.C.",61761,6344.4336
"08/17/2024 21:50:00","EDT","NORTH",61755,621.7537
"08/17/2024 21:50:00","EDT","WEST",61752,1950.7308
"08/17/2024 21:55:00","EDT","CAPITL",61757,1519.479
"08/17/2024 21:55:00","EDT","CENTRL",61754,1773.6084
"08/17/2024 21:55:00","EDT","DUNWOD",61760,757.5155
"08/17/2024 21:55:00","EDT","GENESE",61753,1294.4087
"08/17/2024 21:55:00","EDT","HUD VL",61758,1233.6155
"08/17/2024 21:55:00","EDT","LONGIL",61762,2922.534
"08/17/2024 21:55:00","EDT","MHK VL",61756,937.2866
"08/17/2024 21:55:00","EDT","MILLWD",61759,366.5486
"08/17/2024 21:55:00","EDT","N.Y.C.",61761,6335.2256
"08/17/2024 21:55:00","EDT","NORTH",61755,636.5201
"08/17/2024 21:55:00","EDT","WEST",61752,1954.674
"08/17/2024 22:00:00","EDT","CAPITL",61757,1533.6105
"08/17/2024 22:00:00","EDT","CENTRL",61754,1800.3932
"08/17/2024 22:00:00","EDT","DUNWOD",61760,762.1016
"08/17/2024 22:00:00","EDT","GENESE",61753,1293.6093
"08/17/2024 22:00:00","EDT","HUD VL",61758,1248.6565
"08/17/2024 22:00:00","EDT","LONGIL",61762,2922.348
"08/17/2024 22:00:00","EDT","MHK VL",61756,927.9753
"08/17/2024 22:00:00","EDT","MILLWD",61759,352.7632
"08/17/2024 22:00:00","EDT","N.Y.C.",61761,6298.284
"08/17/2024 22:00:00","EDT","NORTH",61755,613.201
"08/17/2024 22:00:00","EDT","WEST",61752,1917.5908
"08/17/2024 22:05:00","EDT","CAPITL",61757,1515.6228
"08/17/2024 22:05:00","EDT","CENTRL",61754,1789.3346
"08/17/2024 22:05:00","EDT","DUNWOD",61760,756.0735
"08/17/2024 22:05:00","EDT","GENESE",61753,1288.9336
"08/17/2024 22:05:00","EDT","HUD VL",61758,1241.4679
"08/17/2024 22:05:00","EDT","LONGIL",61762,2892.097
"08/17/2024 22:05:00","EDT","MHK VL",61756,925.8624
"08/17/2024 22:05:00","EDT","MILLWD",61759,342.6065
"08/17/2024 22:05:00","EDT","N.Y.C.",61761,6307.5815
"08/17/2024 22:05:00","EDT","NORTH",61755,619.12
"08/17/2024 22:05:00","EDT","WEST",61752,1928.7156
"08/17/2024 22:10:00","EDT","CAPITL",61757,1511.4392
"08/17/2024 22:10:00","EDT","CENTRL",61754,1775.8986
"08/17/2024 22:10:00","EDT","DUNWOD",61760,763.6688
"08/17/2024 22:10:00","EDT","GENESE",61753,1269.3201
"08/17/2024 22:10:00","EDT","HUD VL",61758,1248.48
"08/17/2024 22:10:00","EDT","LONGIL",61762,2876.3765
"08/17/2024 22:10:00","EDT","MHK VL",61756,926.7518
"08/17/2024 22:10:00","EDT","MILLWD",61759,342.6664
"08/17/2024 22:10:00","EDT","N.Y.C.",61761,6285.033
"08/17/2024 22:10:00","EDT","NORTH",61755,655.2778
"08/17/2024 22:10:00","EDT","WEST",61752,1927.4263
"08/17/2024 22:15:00","EDT","CAPITL",61757,1515.3477
"08/17/2024 22:15:00","EDT","CENTRL",61754,1734.1501
"08/17/2024 22:15:00","EDT","DUNWOD",61760,738.1374
"08/17/2024 22:15:00","EDT","GENESE",61753,1280.3287
"08/17/2024 22:15:00","EDT","HUD VL",61758,1212.227
"08/17/2024 22:15:00","EDT","LONGIL",61762,2884.9883
"08/17/2024 22:15:00","EDT","MHK VL",61756,929.5742
"08/17/2024 22:15:00","EDT","MILLWD",61759,362.223
"08/17/2024 22:15:00","EDT","N.Y.C.",61761,6274.2793
"08/17/2024 22:15:00","EDT","NORTH",61755,646.6267
"08/17/2024 22:15:00","EDT","WEST",61752,1892.486
"08/17/2024 22:20:00","EDT","CAPITL",61757,1501.5244
"08/17/2024 22:20:00","EDT","CENTRL",61754,1731.8917
"08/17/2024 22:20:00","EDT","DUNWOD",61760,750.0443
"08/17/2024 22:20:00","EDT","GENESE",61753,1271.4827
"08/17/2024 22:20:00","EDT","HUD VL",61758,1216.6191
"08/17/2024 22:20:00","EDT","LONGIL",61762,2854.4604
"08/17/2024 22:20:00","EDT","MHK VL",61756,922.4407
"08/17/2024 22:20:00","EDT","MILLWD",61759,356.7859
"08/17/2024 22:20:00","EDT","N.Y.C.",61761,6258.494
"08/17/2024 22:20:00","EDT","NORTH",61755,647.2317
"08/17/2024 22:20:00","EDT","WEST",61752,1879.9238
"08/17/2024 22:25:00","EDT","CAPITL",61757,1499.2744
"08/17/2024 22:25:00","EDT","CENTRL",61754,1781.7847
"08/17/2024 22:25:00","EDT","DUNWOD",61760,749.0085
"08/17/2024 22:25:00","EDT","GENESE",61753,1255.4478
"08/17/2024 22:25:00","EDT","HUD VL",61758,1210.0632
"08/17/2024 22:25:00","EDT","LONGIL",61762,2852.209
"08/17/2024 22:25:00","EDT","MHK VL",61756,906.2948
"08/17/2024 22:25:00","EDT","MILLWD",61759,360.784
"08/17/2024 22:25:00","EDT","N.Y.C.",61761,6263.718
"08/17/2024 22:25:00","EDT","NORTH",61755,643.5779
"08/17/2024 22:25:00","EDT","WEST",61752,1880.0227
"08/17/2024 22:30:00","EDT","CAPITL",61757,1485.768
"08/17/2024 22:30:00","EDT","CENTRL",61754,1759.9642
"08/17/2024 22:30:00","EDT","DUNWOD",61760,744.4775
"08/17/2024 22:30:00","EDT","GENESE",61753,1250.6823
"08/17/2024 22:30:00","EDT","HUD VL",61758,1220.8931
"08/17/2024 22:30:00","EDT","LONGIL",61762,2835.6367
"08/17/2024 22:30:00","EDT","MHK VL",61756,911.5356
"08/17/2024 22:30:00","EDT","MILLWD",61759,356.6096
"08/17/2024 22:30:00","EDT","N.Y.C.",61761,6273.996
"08/17/2024 22:30:00","EDT","NORTH",61755,637.8218
"08/17/2024 22:30:00","EDT","WEST",61752,1879.1694
"08/17/2024 22:35:00","EDT","CAPITL",61757,1495.4579
"08/17/2024 22:35:00","EDT","CENTRL",61754,1749.0161
"08/17/2024 22:35:00","EDT","DUNWOD",61760,749.1936
"08/17/2024 22:35:00","EDT","GENESE",61753,1254.033
"08/17/2024 22:35:00","EDT","HUD VL",61758,1193.323
"08/17/2024 22:35:00","EDT","LONGIL",61762,2832.497
"08/17/2024 22:35:00","EDT","MHK VL",61756,909.9767
"08/17/2024 22:35:00","EDT","MILLWD",61759,341.7225
"08/17/2024 22:35:00","EDT","N.Y.C.",61761,6220.5996
"08/17/2024 22:35:00","EDT","NORTH",61755,643.8032
"08/17/2024 22:35:00","EDT","WEST",61752,1886.5417
"08/17/2024 22:40:00","EDT","CAPITL",61757,1476.6772
"08/17/2024 22:40:00","EDT","CENTRL",61754,1765.2063
"08/17/2024 22:40:00","EDT","DUNWOD",61760,730.8839
"08/17/2024 22:40:00","EDT","GENESE",61753,1245.6831
"08/17/2024 22:40:00","EDT","HUD VL",61758,1208.6666
"08/17/2024 22:40:00","EDT","LONGIL",61762,2820.5293
"08/17/2024 22:40:00","EDT","MHK VL",61756,910.6781
"08/17/2024 22:40:00","EDT","MILLWD",61759,346.9304
"08/17/2024 22:40:00","EDT","N.Y.C.",61761,6246.4717
"08/17/2024 22:40:00","EDT","NORTH",61755,634.5097
"08/17/2024 22:40:00","EDT","WEST",61752,1867.5874
"08/17/2024 22:45:00","EDT","CAPITL",61757,1489.3328
"08/17/2024 22:45:00","EDT","CENTRL",61754,1716.1704
"08/17/2024 22:45:00","EDT","DUNWOD",61760,728.4413
"08/17/2024 22:45:00","EDT","GENESE",61753,1229.5312
"08/17/2024 22:45:00","EDT","HUD VL",61758,1185.832
"08/17/2024 22:45:00","EDT","LONGIL",61762,2803.6562
"08/17/2024 22:45:00","EDT","MHK VL",61756,889.9307
"08/17/2024 22:45:00","EDT","MILLWD",61759,346.7022
"08/17/2024 22:45:00","EDT","N.Y.C.",61761,6250.086
"08/17/2024 22:45:00","EDT","NORTH",61755,634.0458
"08/17/2024 22:45:00","EDT","WEST",61752,1872.5845
"08/17/2024 22:50:00","EDT","CAPITL",61757,1477.9941
"08/17/2024 22:50:00","EDT","CENTRL",61754,1698.4962
"08/17/2024 22:50:00","EDT","DUNWOD",61760,733.4599
"08/17/2024 22:50:00","EDT","GENESE",61753,1226.0625
"08/17/2024 22:50:00","EDT","HUD VL",61758,1187.9519
"08/17/2024 22:50:00","EDT","LONGIL",61762,2785.626
"08/17/2024 22:50:00","EDT","MHK VL",61756,882.3545
"08/17/2024 22:50:00","EDT","MILLWD",61759,335.7903
"08/17/2024 22:50:00","EDT","N.Y.C.",61761,6224.7373
"08/17/2024 22:50:00","EDT","NORTH",61755,635.7676
"08/17/2024 22:50:00","EDT","WEST",61752,1839.7811
"08/17/2024 22:55:00","EDT","CAPITL",61757,1462.1028
"08/17/2024 22:55:00","EDT","CENTRL",61754,1695.5419
"08/17/2024 22:55:00","EDT","DUNWOD",61760,725.1632
"08/17/2024 22:55:00","EDT","GENESE",61753,1220.8069
"08/17/2024 22:55:00","EDT","HUD VL",61758,1177.9469
"08/17/2024 22:55:00","EDT","LONGIL",61762,2786.207
"08/17/2024 22:55:00","EDT","MHK VL",61756,859.5678
"08/17/2024 22:55:00","EDT","MILLWD",61759,339.1583
"08/17/2024 22:55:00","EDT","N.Y.C.",61761,6232.088
"08/17/2024 22:55:00","EDT","NORTH",61755,641.6847
"08/17/2024 22:55:00","EDT","WEST",61752,1832.514
"08/17/2024 23:00:00","EDT","CAPITL",61757,1463.7666
"08/17/2024 23:00:00","EDT","CENTRL",61754,1679.524
"08/17/2024 23:00:00","EDT","DUNWOD",61760,727.0695
"08/17/2024 23:00:00","EDT","GENESE",61753,1202.5132
"08/17/2024 23:00:00","EDT","HUD VL",61758,1168.5356
"08/17/2024 23:00:00","EDT","LONGIL",61762,2754.0112
"08/17/2024 23:00:00","EDT","MHK VL",61756,848.7359
"08/17/2024 23:00:00","EDT","MILLWD",61759,329.2999
"08/17/2024 23:00:00","EDT","N.Y.C.",61761,6227.9907
"08/17/2024 23:00:00","EDT","NORTH",61755,653.2524
"08/17/2024 23:00:00","EDT","WEST",61752,1849.8708
"08/17/2024 23:05:00","EDT","CAPITL",61757,1453.311
"08/17/2024 23:05:00","EDT","CENTRL",61754,1647.8419
"08/17/2024 23:05:00","EDT","DUNWOD",61760,713.2155
"08/17/2024 23:05:00","EDT","GENESE",61753,1209.5199
"08/17/2024 23:05:00","EDT","HUD VL",61758,1137.6625
"08/17/2024 23:05:00","EDT","LONGIL",61762,2759.5847
"08/17/2024 23:05:00","EDT","MHK VL",61756,868.5809
"08/17/2024 23:05:00","EDT","MILLWD",61759,328.3377
"08/17/2024 23:05:00","EDT","N.Y.C.",61761,6200.747
"08/17/2024 23:05:00","EDT","NORTH",61755,645.2867
"08/17/2024 23:05:00","EDT","WEST",61752,1847.9883
"08/17/2024 23:10:00","EDT","CAPITL",61757,1442.7222
"08/17/2024 23:10:00","EDT","CENTRL",61754,1647.3638
"08/17/2024 23:10:00","EDT","DUNWOD",61760,721.7425
"08/17/2024 23:10:00","EDT","GENESE",61753,1199.6534
"08/17/2024 23:10:00","EDT","HUD VL",61758,1161.5066
"08/17/2024 23:10:00","EDT","LONGIL",61762,2732.417
"08/17/2024 23:10:00","EDT","MHK VL",61756,852.7781
"08/17/2024 23:10:00","EDT","MILLWD",61759,331.7588
"08/17/2024 23:10:00","EDT","N.Y.C.",61761,6164.868
"08/17/2024 23:10:00","EDT","NORTH",61755,642.6918
"08/17/2024 23:10:00","EDT","WEST",61752,1823.0325
"08/17/2024 23:15:00","EDT","CAPITL",61757,1439.889
"08/17/2024 23:15:00","EDT","CENTRL",61754,1660.6906
"08/17/2024 23:15:00","EDT","DUNWOD",61760,734.861
"08/17/2024 23:15:00","EDT","GENESE",61753,1192.5188
"08/17/2024 23:15:00","EDT","HUD VL",61758,1150.0767
"08/17/2024 23:15:00","EDT","LONGIL",61762,2723.792
"08/17/2024 23:15:00","EDT","MHK VL",61756,860.4406
"08/17/2024 23:15:00","EDT","MILLWD",61759,335.011
"08/17/2024 23:15:00","EDT","N.Y.C.",61761,6162.7915
"08/17/2024 23:15:00","EDT","NORTH",61755,642.4904
"08/17/2024 23:15:00","EDT","WEST",61752,1824.4818
"08/17/2024 23:20:00","EDT","CAPITL",61757,1416.8533
"08/17/2024 23:20:00","EDT","CENTRL",61754,1642.98
"08/17/2024 23:20:00","EDT","DUNWOD",61760,726.3179
"08/17/2024 23:20:00","EDT","GENESE",61753,1186.8293
"08/17/2024 23:20:00","EDT","HUD VL",61758,1155.8102
"08/17/2024 23:20:00","EDT","LONGIL",61762,2728.3003
"08/17/2024 23:20:00","EDT","MHK VL",61756,858.0009
"08/17/2024 23:20:00","EDT","MILLWD",61759,324.5602
"08/17/2024 23:20:00","EDT","N.Y.C.",61761,6170.657
"08/17/2024 23:20:00","EDT","NORTH",61755,631.9961
"08/17/2024 23:20:00","EDT","WEST",61752,1801.79
"08/17/2024 23:25:00","EDT","CAPITL",61757,1414.402
"08/17/2024 23:25:00","EDT","CENTRL",61754,1653.534
"08/17/2024 23:25:00","EDT","DUNWOD",61760,718.2719
"08/17/2024 23:25:00","EDT","GENESE",61753,1179.1053
"08/17/2024 23:25:00","EDT","HUD VL",61758,1154.0658
"08/17/2024 23:25:00","EDT","LONGIL",61762,2712.4097
"08/17/2024 23:25:00","EDT","MHK VL",61756,847.1317
"08/17/2024 23:25:00","EDT","MILLWD",61759,332.0013
"08/17/2024 23:25:00","EDT","N.Y.C.",61761,6150.6035
"08/17/2024 23:25:00","EDT","NORTH",61755,635.6808
"08/17/2024 23:25:00","EDT","WEST",61752,1794.762
"08/17/2024 23:30:00","EDT","CAPITL",61757,1448.8398
"08/17/2024 23:30:00","EDT","CENTRL",61754,1638.3418
"08/17/2024 23:30:00","EDT","DUNWOD",61760,701.1509
"08/17/2024 23:30:00","EDT","GENESE",61753,1178.8301
"08/17/2024 23:30:00","EDT","HUD VL",61758,1152.27
"08/17/2024 23:30:00","EDT","LONGIL",61762,2690.206
"08/17/2024 23:30:00","EDT","MHK VL",61756,856.4943
"08/17/2024 23:30:00","EDT","MILLWD",61759,335.059
"08/17/2024 23:30:00","EDT","N.Y.C.",61761,6144.6245
"08/17/2024 23:30:00","EDT","NORTH",61755,640.4345
"08/17/2024 23:30:00","EDT","WEST",61752,1776.0317
"08/17/2024 23:35:00","EDT","CAPITL",61757,1396.4766
"08/17/2024 23:35:00","EDT","CENTRL",61754,1619.2229
"08/17/2024 23:35:00","EDT","DUNWOD",61760,715.6647
"08/17/2024 23:35:00","EDT","GENESE",61753,1168.0302
"08/17/2024 23:35:00","EDT","HUD VL",61758,1115.1427
"08/17/2024 23:35:00","EDT","LONGIL",61762,2665.0767
"08/17/2024 23:35:00","EDT","MHK VL",61756,837.0909
"08/17/2024 23:35:00","EDT","MILLWD",61759,315.6939
"08/17/2024 23:35:00","EDT","N.Y.C.",61761,6114.3486
"08/17/2024 23:35:00","EDT","NORTH",61755,640.5966
"08/17/2024 23:35:00","EDT","WEST",61752,1828.3701
"08/17/2024 23:40:00","EDT","CAPITL",61757,1402.3264
"08/17/2024 23:40:00","EDT","CENTRL",61754,1614.164
"08/17/2024 23:40:00","EDT","DUNWOD",61760,705.4006
"08/17/2024 23:40:00","EDT","GENESE",61753,1159.3064
"08/17/2024 23:40:00","EDT","HUD VL",61758,1125.5865
"08/17/2024 23:40:00","EDT","LONGIL",61762,2650.8584
"08/17/2024 23:40:00","EDT","MHK VL",61756,837.3281
"08/17/2024 23:40:00","EDT","MILLWD",61759,325.94
"08/17/2024 23:40:00","EDT","N.Y.C.",61761,6115.4443
"08/17/2024 23:40:00","EDT","NORTH",61755,625.2166
"08/17/2024 23:40:00","EDT","WEST",61752,1773.6361
"08/17/2024 23:45:00","EDT","CAPITL",61757,1381.5125
"08/17/2024 23:45:00","EDT","CENTRL",61754,1620.6508
"08/17/2024 23:45:00","EDT","DUNWOD",61760,706.8933
"08/17/2024 23:45:00","EDT","GENESE",61753,1148.714
"08/17/2024 23:45:00","EDT","HUD VL",61758,1143.7852
"08/17/2024 23:45:00","EDT","LONGIL",61762,2641.0732
"08/17/2024 23:45:00","EDT","MHK VL",61756,844.1727
"08/17/2024 23:45:00","EDT","MILLWD",61759,310.1304
"08/17/2024 23:45:00","EDT","N.Y.C.",61761,6087.285
"08/17/2024 23:45:00","EDT","NORTH",61755,624.0675
"08/17/2024 23:45:00","EDT","WEST",61752,1772.3743
"08/17/2024 23:50:00","EDT","CAPITL",61757,1388.4209
"08/17/2024 23:50:00","EDT","CENTRL",61754,1609.8253
"08/17/2024 23:50:00","EDT","DUNWOD",61760,690.0732
"08/17/2024 23:50:00","EDT","GENESE",61753,1147.3608
"08/17/2024 23:50:00","EDT","HUD VL",61758,1130.7925
"08/17/2024 23:50:00","EDT","LONGIL",61762,2641.8992
"08/17/2024 23:50:00","EDT","MHK VL",61756,820.2395
"08/17/2024 23:50:00","EDT","MILLWD",61759,322.1344
"08/17/2024 23:50:00","EDT","N.Y.C.",61761,6092.4336
"08/17/2024 23:50:00","EDT","NORTH",61755,633.0947
"08/17/2024 23:50:00","EDT","WEST",61752,1771.4026
"08/17/2024 23:55:00","EDT","CAPITL",61757,1372.0675
"08/17/2024 23:55:00","EDT","CENTRL",61754,1657.7596
"08/17/2024 23:55:00","EDT","DUNWOD",61760,696.6832
"08/17/2024 23:55:00","EDT","GENESE",61753,1138.056
"08/17/2024 23:55:00","EDT","HUD VL",61758,1108.4515
"08/17/2024 23:55:00","EDT","LONGIL",61762,2621.8884
"08/17/2024 23:55:00","EDT","MHK VL",61756,805.6982
"08/17/2024 23:55:00","EDT","MILLWD",61759,316.8895
"08/17/2024 23:55:00","EDT","N.Y.C.",61761,6099.3584
"08/17/2024 23:55:00","EDT","NORTH",61755,634.8012
"08/17/2024 23:55:00","EDT","WEST",61752,1766.6842
