"Time Stamp","Time Zone","Name","PTID","Load"
"04/03/2010 00:00:00","EDT","CAPITL",61757,895
"04/03/2010 00:00:00","EDT","CENTRL",61754,1431.6
"04/03/2010 00:00:00","EDT","DUNWOD",61760,500.2
"04/03/2010 00:00:00","EDT","GENESE",61753,853.7
"04/03/2010 00:00:00","EDT","HUD VL",61758,915.6
"04/03/2010 00:00:00","EDT","LONGIL",61762,1909.1
"04/03/2010 00:00:00","EDT","MHK VL",61756,632.7
"04/03/2010 00:00:00","EDT","MILLWD",61759,235.6
"04/03/2010 00:00:00","EDT","N.Y.C.",61761,4871.5
"04/03/2010 00:00:00","EDT","NORTH",61755,409.3
"04/03/2010 00:00:00","EDT","WEST",61752,1460.4
"04/03/2010 00:05:00","EDT","CAPITL",61757,880.1
"04/03/2010 00:05:00","EDT","CENTRL",61754,1434.8
"04/03/2010 00:05:00","EDT","DUNWOD",61760,519.1
"04/03/2010 00:05:00","EDT","GENESE",61753,847.6
"04/03/2010 00:05:00","EDT","HUD VL",61758,894.2
"04/03/2010 00:05:00","EDT","LONGIL",61762,1893
"04/03/2010 00:05:00","EDT","MHK VL",61756,626
"04/03/2010 00:05:00","EDT","MILLWD",61759,212.5
"04/03/2010 00:05:00","EDT","N.Y.C.",61761,4826.4
"04/03/2010 00:05:00","EDT","NORTH",61755,402.9
"04/03/2010 00:05:00","EDT","WEST",61752,1429.3
"04/03/2010 00:10:00","EDT","CAPITL",61757,865.7
"04/03/2010 00:10:00","EDT","CENTRL",61754,1412.6
"04/03/2010 00:10:00","EDT","DUNWOD",61760,504.6
"04/03/2010 00:10:00","EDT","GENESE",61753,844.2
"04/03/2010 00:10:00","EDT","HUD VL",61758,873.7
"04/03/2010 00:10:00","EDT","LONGIL",61762,1880.2
"04/03/2010 00:10:00","EDT","MHK VL",61756,619.9
"04/03/2010 00:10:00","EDT","MILLWD",61759,205.1
"04/03/2010 00:10:00","EDT","N.Y.C.",61761,4783.4
"04/03/2010 00:10:00","EDT","NORTH",61755,405.4
"04/03/2010 00:10:00","EDT","WEST",61752,1445
"04/03/2010 00:15:00","EDT","CAPITL",61757,879.2
"04/03/2010 00:15:00","EDT","CENTRL",61754,1408.9
"04/03/2010 00:15:00","EDT","DUNWOD",61760,478
"04/03/2010 00:15:00","EDT","GENESE",61753,839.4
"04/03/2010 00:15:00","EDT","HUD VL",61758,870
"04/03/2010 00:15:00","EDT","LONGIL",61762,1882.6
"04/03/2010 00:15:00","EDT","MHK VL",61756,618.3
"04/03/2010 00:15:00","EDT","MILLWD",61759,230
"04/03/2010 00:15:00","EDT","N.Y.C.",61761,4782.6
"04/03/2010 00:15:00","EDT","NORTH",61755,394.8
"04/03/2010 00:15:00","EDT","WEST",61752,1425.6
"04/03/2010 00:20:00","EDT","CAPITL",61757,866.6
"04/03/2010 00:20:00","EDT","CENTRL",61754,1402.6
"04/03/2010 00:20:00","EDT","DUNWOD",61760,467.1
"04/03/2010 00:20:00","EDT","GENESE",61753,824.4
"04/03/2010 00:20:00","EDT","HUD VL",61758,874
"04/03/2010 00:20:00","EDT","LONGIL",61762,1856.2
"04/03/2010 00:20:00","EDT","MHK VL",61756,602.6
"04/03/2010 00:20:00","EDT","MILLWD",61759,237.5
"04/03/2010 00:20:00","EDT","N.Y.C.",61761,4743.6
"04/03/2010 00:20:00","EDT","NORTH",61755,401.1
"04/03/2010 00:20:00","EDT","WEST",61752,1420.6
"04/03/2010 00:25:00","EDT","CAPITL",61757,862.1
"04/03/2010 00:25:00","EDT","CENTRL",61754,1375.2
"04/03/2010 00:25:00","EDT","DUNWOD",61760,470.9
"04/03/2010 00:25:00","EDT","GENESE",61753,828.2
"04/03/2010 00:25:00","EDT","HUD VL",61758,864.7
"04/03/2010 00:25:00","EDT","LONGIL",61762,1848.5
"04/03/2010 00:25:00","EDT","MHK VL",61756,617.6
"04/03/2010 00:25:00","EDT","MILLWD",61759,244.1
"04/03/2010 00:25:00","EDT","N.Y.C.",61761,4724.8
"04/03/2010 00:25:00","EDT","NORTH",61755,400.6
"04/03/2010 00:25:00","EDT","WEST",61752,1408.4
"04/03/2010 00:30:00","EDT","CAPITL",61757,856.7
"04/03/2010 00:30:00","EDT","CENTRL",61754,1372
"04/03/2010 00:30:00","EDT","DUNWOD",61760,465.4
"04/03/2010 00:30:00","EDT","GENESE",61753,815.3
"04/03/2010 00:30:00","EDT","HUD VL",61758,858.7
"04/03/2010 00:30:00","EDT","LONGIL",61762,1850.3
"04/03/2010 00:30:00","EDT","MHK VL",61756,608.4
"04/03/2010 00:30:00","EDT","MILLWD",61759,247
"04/03/2010 00:30:00","EDT","N.Y.C.",61761,4694.1
"04/03/2010 00:30:00","EDT","NORTH",61755,411.1
"04/03/2010 00:30:00","EDT","WEST",61752,1411.6
"04/03/2010 00:35:00","EDT","CAPITL",61757,843.6
"04/03/2010 00:35:00","EDT","CENTRL",61754,1366
"04/03/2010 00:35:00","EDT","DUNWOD",61760,455.5
"04/03/2010 00:35:00","EDT","GENESE",61753,805.4
"04/03/2010 00:35:00","EDT","HUD VL",61758,839.1
"04/03/2010 00:35:00","EDT","LONGIL",61762,1826.9
"04/03/2010 00:35:00","EDT","MHK VL",61756,611.2
"04/03/2010 00:35:00","EDT","MILLWD",61759,245.4
"04/03/2010 00:35:00","EDT","N.Y.C.",61761,4660.1
"04/03/2010 00:35:00","EDT","NORTH",61755,398.9
"04/03/2010 00:35:00","EDT","WEST",61752,1410.3
"04/03/2010 00:40:00","EDT","CAPITL",61757,848.8
"04/03/2010 00:40:00","EDT","CENTRL",61754,1378.2
"04/03/2010 00:40:00","EDT","DUNWOD",61760,482.9
"04/03/2010 00:40:00","EDT","GENESE",61753,804.6
"04/03/2010 00:40:00","EDT","HUD VL",61758,845.8
"04/03/2010 00:40:00","EDT","LONGIL",61762,1814.2
"04/03/2010 00:40:00","EDT","MHK VL",61756,609.6
"04/03/2010 00:40:00","EDT","MILLWD",61759,215.1
"04/03/2010 00:40:00","EDT","N.Y.C.",61761,4649.2
"04/03/2010 00:40:00","EDT","NORTH",61755,402.7
"04/03/2010 00:40:00","EDT","WEST",61752,1396.2
"04/03/2010 00:45:00","EDT","CAPITL",61757,806.2
"04/03/2010 00:45:00","EDT","CENTRL",61754,1368.8
"04/03/2010 00:45:00","EDT","DUNWOD",61760,502
"04/03/2010 00:45:00","EDT","GENESE",61753,797
"04/03/2010 00:45:00","EDT","HUD VL",61758,844.1
"04/03/2010 00:45:00","EDT","LONGIL",61762,1812.9
"04/03/2010 00:45:00","EDT","MHK VL",61756,584.1
"04/03/2010 00:45:00","EDT","MILLWD",61759,186.4
"04/03/2010 00:45:00","EDT","N.Y.C.",61761,4628.1
"04/03/2010 00:45:00","EDT","NORTH",61755,421.8
"04/03/2010 00:45:00","EDT","WEST",61752,1417
"04/03/2010 00:50:00","EDT","CAPITL",61757,831.7
"04/03/2010 00:50:00","EDT","CENTRL",61754,1357.4
"04/03/2010 00:50:00","EDT","DUNWOD",61760,458.4
"04/03/2010 00:50:00","EDT","GENESE",61753,797.8
"04/03/2010 00:50:00","EDT","HUD VL",61758,818
"04/03/2010 00:50:00","EDT","LONGIL",61762,1794.3
"04/03/2010 00:50:00","EDT","MHK VL",61756,599.4
"04/03/2010 00:50:00","EDT","MILLWD",61759,228.3
"04/03/2010 00:50:00","EDT","N.Y.C.",61761,4621.9
"04/03/2010 00:50:00","EDT","NORTH",61755,404.5
"04/03/2010 00:50:00","EDT","WEST",61752,1379
"04/03/2010 00:55:00","EDT","CAPITL",61757,831.2
"04/03/2010 00:55:00","EDT","CENTRL",61754,1368.1
"04/03/2010 00:55:00","EDT","DUNWOD",61760,468.7
"04/03/2010 00:55:00","EDT","GENESE",61753,792.1
"04/03/2010 00:55:00","EDT","HUD VL",61758,843.3
"04/03/2010 00:55:00","EDT","LONGIL",61762,1797.7
"04/03/2010 00:55:00","EDT","MHK VL",61756,594.9
"04/03/2010 00:55:00","EDT","MILLWD",61759,210.3
"04/03/2010 00:55:00","EDT","N.Y.C.",61761,4583.2
"04/03/2010 00:55:00","EDT","NORTH",61755,390.3
"04/03/2010 00:55:00","EDT","WEST",61752,1362.9
"04/03/2010 01:00:00","EDT","CAPITL",61757,845.9
"04/03/2010 01:00:00","EDT","CENTRL",61754,1349.2
"04/03/2010 01:00:00","EDT","DUNWOD",61760,457.9
"04/03/2010 01:00:00","EDT","GENESE",61753,789.6
"04/03/2010 01:00:00","EDT","HUD VL",61758,821.7
"04/03/2010 01:00:00","EDT","LONGIL",61762,1774.9
"04/03/2010 01:00:00","EDT","MHK VL",61756,591.7
"04/03/2010 01:00:00","EDT","MILLWD",61759,215.2
"04/03/2010 01:00:00","EDT","N.Y.C.",61761,4561.2
"04/03/2010 01:00:00","EDT","NORTH",61755,403.9
"04/03/2010 01:00:00","EDT","WEST",61752,1373
"04/03/2010 01:05:00","EDT","CAPITL",61757,847.4
"04/03/2010 01:05:00","EDT","CENTRL",61754,1353.2
"04/03/2010 01:05:00","EDT","DUNWOD",61760,475
"04/03/2010 01:05:00","EDT","GENESE",61753,785.1
"04/03/2010 01:05:00","EDT","HUD VL",61758,822.3
"04/03/2010 01:05:00","EDT","LONGIL",61762,1779.2
"04/03/2010 01:05:00","EDT","MHK VL",61756,588.6
"04/03/2010 01:05:00","EDT","MILLWD",61759,203
"04/03/2010 01:05:00","EDT","N.Y.C.",61761,4519.3
"04/03/2010 01:05:00","EDT","NORTH",61755,388
"04/03/2010 01:05:00","EDT","WEST",61752,1355.1
"04/03/2010 01:10:00","EDT","CAPITL",61757,812.7
"04/03/2010 01:10:00","EDT","CENTRL",61754,1338.8
"04/03/2010 01:10:00","EDT","DUNWOD",61760,452
"04/03/2010 01:10:00","EDT","GENESE",61753,779.7
"04/03/2010 01:10:00","EDT","HUD VL",61758,809.3
"04/03/2010 01:10:00","EDT","LONGIL",61762,1756.1
"04/03/2010 01:10:00","EDT","MHK VL",61756,602.5
"04/03/2010 01:10:00","EDT","MILLWD",61759,298.8
"04/03/2010 01:10:00","EDT","N.Y.C.",61761,4514.4
"04/03/2010 01:10:00","EDT","NORTH",61755,400.2
"04/03/2010 01:10:00","EDT","WEST",61752,1370.8
"04/03/2010 01:15:00","EDT","CAPITL",61757,811.6
"04/03/2010 01:15:00","EDT","CENTRL",61754,1339.5
"04/03/2010 01:15:00","EDT","DUNWOD",61760,443.9
"04/03/2010 01:15:00","EDT","GENESE",61753,782.9
"04/03/2010 01:15:00","EDT","HUD VL",61758,810
"04/03/2010 01:15:00","EDT","LONGIL",61762,1754.5
"04/03/2010 01:15:00","EDT","MHK VL",61756,597.6
"04/03/2010 01:15:00","EDT","MILLWD",61759,229.1
"04/03/2010 01:15:00","EDT","N.Y.C.",61761,4507.6
"04/03/2010 01:15:00","EDT","NORTH",61755,403.6
"04/03/2010 01:15:00","EDT","WEST",61752,1368.8
"04/03/2010 01:20:00","EDT","CAPITL",61757,813.2
"04/03/2010 01:20:00","EDT","CENTRL",61754,1337.3
"04/03/2010 01:20:00","EDT","DUNWOD",61760,444.7
"04/03/2010 01:20:00","EDT","GENESE",61753,770.4
"04/03/2010 01:20:00","EDT","HUD VL",61758,810.4
"04/03/2010 01:20:00","EDT","LONGIL",61762,1745.8
"04/03/2010 01:20:00","EDT","MHK VL",61756,605
"04/03/2010 01:20:00","EDT","MILLWD",61759,219.3
"04/03/2010 01:20:00","EDT","N.Y.C.",61761,4486.1
"04/03/2010 01:20:00","EDT","NORTH",61755,391.9
"04/03/2010 01:20:00","EDT","WEST",61752,1357.2
"04/03/2010 01:25:00","EDT","CAPITL",61757,798.6
"04/03/2010 01:25:00","EDT","CENTRL",61754,1317.2
"04/03/2010 01:25:00","EDT","DUNWOD",61760,454.3
"04/03/2010 01:25:00","EDT","GENESE",61753,774.9
"04/03/2010 01:25:00","EDT","HUD VL",61758,817.1
"04/03/2010 01:25:00","EDT","LONGIL",61762,1725.8
"04/03/2010 01:25:00","EDT","MHK VL",61756,590.2
"04/03/2010 01:25:00","EDT","MILLWD",61759,211.6
"04/03/2010 01:25:00","EDT","N.Y.C.",61761,4464
"04/03/2010 01:25:00","EDT","NORTH",61755,403.2
"04/03/2010 01:25:00","EDT","WEST",61752,1358.5
"04/03/2010 01:30:00","EDT","CAPITL",61757,812.3
"04/03/2010 01:30:00","EDT","CENTRL",61754,1322.1
"04/03/2010 01:30:00","EDT","DUNWOD",61760,455.6
"04/03/2010 01:30:00","EDT","GENESE",61753,779.1
"04/03/2010 01:30:00","EDT","HUD VL",61758,801.2
"04/03/2010 01:30:00","EDT","LONGIL",61762,1721.5
"04/03/2010 01:30:00","EDT","MHK VL",61756,596.1
"04/03/2010 01:30:00","EDT","MILLWD",61759,212.2
"04/03/2010 01:30:00","EDT","N.Y.C.",61761,4437.8
"04/03/2010 01:30:00","EDT","NORTH",61755,392.6
"04/03/2010 01:30:00","EDT","WEST",61752,1336.3
"04/03/2010 01:35:00","EDT","CAPITL",61757,797
"04/03/2010 01:35:00","EDT","CENTRL",61754,1318.2
"04/03/2010 01:35:00","EDT","DUNWOD",61760,450.1
"04/03/2010 01:35:00","EDT","GENESE",61753,767.4
"04/03/2010 01:35:00","EDT","HUD VL",61758,795.7
"04/03/2010 01:35:00","EDT","LONGIL",61762,1716.7
"04/03/2010 01:35:00","EDT","MHK VL",61756,593.3
"04/03/2010 01:35:00","EDT","MILLWD",61759,207.6
"04/03/2010 01:35:00","EDT","N.Y.C.",61761,4421.8
"04/03/2010 01:35:00","EDT","NORTH",61755,401.8
"04/03/2010 01:35:00","EDT","WEST",61752,1345.2
"04/03/2010 01:40:00","EDT","CAPITL",61757,794.1
"04/03/2010 01:40:00","EDT","CENTRL",61754,1309.2
"04/03/2010 01:40:00","EDT","DUNWOD",61760,457.5
"04/03/2010 01:40:00","EDT","GENESE",61753,773.1
"04/03/2010 01:40:00","EDT","HUD VL",61758,801.1
"04/03/2010 01:40:00","EDT","LONGIL",61762,1700.7
"04/03/2010 01:40:00","EDT","MHK VL",61756,586
"04/03/2010 01:40:00","EDT","MILLWD",61759,200.3
"04/03/2010 01:40:00","EDT","N.Y.C.",61761,4390.6
"04/03/2010 01:40:00","EDT","NORTH",61755,392
"04/03/2010 01:40:00","EDT","WEST",61752,1338.1
"04/03/2010 01:45:00","EDT","CAPITL",61757,784.8
"04/03/2010 01:45:00","EDT","CENTRL",61754,1352.8
"04/03/2010 01:45:00","EDT","DUNWOD",61760,427.7
"04/03/2010 01:45:00","EDT","GENESE",61753,762.1
"04/03/2010 01:45:00","EDT","HUD VL",61758,774.7
"04/03/2010 01:45:00","EDT","LONGIL",61762,1719.4
"04/03/2010 01:45:00","EDT","MHK VL",61756,595.5
"04/03/2010 01:45:00","EDT","MILLWD",61759,206.1
"04/03/2010 01:45:00","EDT","N.Y.C.",61761,4402.2
"04/03/2010 01:45:00","EDT","NORTH",61755,392.2
"04/03/2010 01:45:00","EDT","WEST",61752,1352.6
"04/03/2010 01:50:00","EDT","CAPITL",61757,793.3
"04/03/2010 01:50:00","EDT","CENTRL",61754,1354.2
"04/03/2010 01:50:00","EDT","DUNWOD",61760,426.2
"04/03/2010 01:50:00","EDT","GENESE",61753,768
"04/03/2010 01:50:00","EDT","HUD VL",61758,808
"04/03/2010 01:50:00","EDT","LONGIL",61762,1708.3
"04/03/2010 01:50:00","EDT","MHK VL",61756,583.6
"04/03/2010 01:50:00","EDT","MILLWD",61759,202.3
"04/03/2010 01:50:00","EDT","N.Y.C.",61761,4377.6
"04/03/2010 01:50:00","EDT","NORTH",61755,395.9
"04/03/2010 01:50:00","EDT","WEST",61752,1334.6
"04/03/2010 01:55:00","EDT","CAPITL",61757,791.8
"04/03/2010 01:55:00","EDT","CENTRL",61754,1326.2
"04/03/2010 01:55:00","EDT","DUNWOD",61760,431.4
"04/03/2010 01:55:00","EDT","GENESE",61753,765.1
"04/03/2010 01:55:00","EDT","HUD VL",61758,769.3
"04/03/2010 01:55:00","EDT","LONGIL",61762,1704.1
"04/03/2010 01:55:00","EDT","MHK VL",61756,586.6
"04/03/2010 01:55:00","EDT","MILLWD",61759,229
"04/03/2010 01:55:00","EDT","N.Y.C.",61761,4340.5
"04/03/2010 01:55:00","EDT","NORTH",61755,397.3
"04/03/2010 01:55:00","EDT","WEST",61752,1335.1
"04/03/2010 02:00:00","EDT","CAPITL",61757,778.6
"04/03/2010 02:00:00","EDT","CENTRL",61754,1363.6
"04/03/2010 02:00:00","EDT","DUNWOD",61760,437.2
"04/03/2010 02:00:00","EDT","GENESE",61753,751.9
"04/03/2010 02:00:00","EDT","HUD VL",61758,790.5
"04/03/2010 02:00:00","EDT","LONGIL",61762,1659.9
"04/03/2010 02:00:00","EDT","MHK VL",61756,577.3
"04/03/2010 02:00:00","EDT","MILLWD",61759,220.1
"04/03/2010 02:00:00","EDT","N.Y.C.",61761,4337.1
"04/03/2010 02:00:00","EDT","NORTH",61755,390.6
"04/03/2010 02:00:00","EDT","WEST",61752,1333.6
"04/03/2010 02:05:00","EDT","CAPITL",61757,780.9
"04/03/2010 02:05:00","EDT","CENTRL",61754,1303.7
"04/03/2010 02:05:00","EDT","DUNWOD",61760,435.3
"04/03/2010 02:05:00","EDT","GENESE",61753,754.9
"04/03/2010 02:05:00","EDT","HUD VL",61758,787.5
"04/03/2010 02:05:00","EDT","LONGIL",61762,1675.8
"04/03/2010 02:05:00","EDT","MHK VL",61756,578.6
"04/03/2010 02:05:00","EDT","MILLWD",61759,211.9
"04/03/2010 02:05:00","EDT","N.Y.C.",61761,4325.4
"04/03/2010 02:05:00","EDT","NORTH",61755,396.4
"04/03/2010 02:05:00","EDT","WEST",61752,1343.9
"04/03/2010 02:10:00","EDT","CAPITL",61757,788.7
"04/03/2010 02:10:00","EDT","CENTRL",61754,1321.2
"04/03/2010 02:10:00","EDT","DUNWOD",61760,383.5
"04/03/2010 02:10:00","EDT","GENESE",61753,753.4
"04/03/2010 02:10:00","EDT","HUD VL",61758,775.8
"04/03/2010 02:10:00","EDT","LONGIL",61762,1716.3
"04/03/2010 02:10:00","EDT","MHK VL",61756,584.6
"04/03/2010 02:10:00","EDT","MILLWD",61759,207.7
"04/03/2010 02:10:00","EDT","N.Y.C.",61761,4277.7
"04/03/2010 02:10:00","EDT","NORTH",61755,399.4
"04/03/2010 02:10:00","EDT","WEST",61752,1333.4
"04/03/2010 02:15:00","EDT","CAPITL",61757,792.4
"04/03/2010 02:15:00","EDT","CENTRL",61754,1343.4
"04/03/2010 02:15:00","EDT","DUNWOD",61760,385.6
"04/03/2010 02:15:00","EDT","GENESE",61753,752.6
"04/03/2010 02:15:00","EDT","HUD VL",61758,779.4
"04/03/2010 02:15:00","EDT","LONGIL",61762,1709.2
"04/03/2010 02:15:00","EDT","MHK VL",61756,573.9
"04/03/2010 02:15:00","EDT","MILLWD",61759,193.5
"04/03/2010 02:15:00","EDT","N.Y.C.",61761,4276.8
"04/03/2010 02:15:00","EDT","NORTH",61755,398.4
"04/03/2010 02:15:00","EDT","WEST",61752,1333.1
"04/03/2010 02:20:00","EDT","CAPITL",61757,782
"04/03/2010 02:20:00","EDT","CENTRL",61754,1338.7
"04/03/2010 02:20:00","EDT","DUNWOD",61760,357.6
"04/03/2010 02:20:00","EDT","GENESE",61753,750.8
"04/03/2010 02:20:00","EDT","HUD VL",61758,749.9
"04/03/2010 02:20:00","EDT","LONGIL",61762,1709.2
"04/03/2010 02:20:00","EDT","MHK VL",61756,582.3
"04/03/2010 02:20:00","EDT","MILLWD",61759,226.3
"04/03/2010 02:20:00","EDT","N.Y.C.",61761,4279
"04/03/2010 02:20:00","EDT","NORTH",61755,403.2
"04/03/2010 02:20:00","EDT","WEST",61752,1321.5
"04/03/2010 02:25:00","EDT","CAPITL",61757,769.6
"04/03/2010 02:25:00","EDT","CENTRL",61754,1337.3
"04/03/2010 02:25:00","EDT","DUNWOD",61760,361.1
"04/03/2010 02:25:00","EDT","GENESE",61753,748.7
"04/03/2010 02:25:00","EDT","HUD VL",61758,749.3
"04/03/2010 02:25:00","EDT","LONGIL",61762,1712.2
"04/03/2010 02:25:00","EDT","MHK VL",61756,567.6
"04/03/2010 02:25:00","EDT","MILLWD",61759,226.7
"04/03/2010 02:25:00","EDT","N.Y.C.",61761,4252.5
"04/03/2010 02:25:00","EDT","NORTH",61755,396.1
"04/03/2010 02:25:00","EDT","WEST",61752,1318
"04/03/2010 02:30:00","EDT","CAPITL",61757,781.9
"04/03/2010 02:30:00","EDT","CENTRL",61754,1337.5
"04/03/2010 02:30:00","EDT","DUNWOD",61760,367.5
"04/03/2010 02:30:00","EDT","GENESE",61753,747.4
"04/03/2010 02:30:00","EDT","HUD VL",61758,759.1
"04/03/2010 02:30:00","EDT","LONGIL",61762,1700.8
"04/03/2010 02:30:00","EDT","MHK VL",61756,576.6
"04/03/2010 02:30:00","EDT","MILLWD",61759,212.2
"04/03/2010 02:30:00","EDT","N.Y.C.",61761,4259.2
"04/03/2010 02:30:00","EDT","NORTH",61755,397.3
"04/03/2010 02:30:00","EDT","WEST",61752,1327
"04/03/2010 02:35:00","EDT","CAPITL",61757,773.7
"04/03/2010 02:35:00","EDT","CENTRL",61754,1286
"04/03/2010 02:35:00","EDT","DUNWOD",61760,362.3
"04/03/2010 02:35:00","EDT","GENESE",61753,741.7
"04/03/2010 02:35:00","EDT","HUD VL",61758,756.1
"04/03/2010 02:35:00","EDT","LONGIL",61762,1697.7
"04/03/2010 02:35:00","EDT","MHK VL",61756,571.7
"04/03/2010 02:35:00","EDT","MILLWD",61759,227.3
"04/03/2010 02:35:00","EDT","N.Y.C.",61761,4241.6
"04/03/2010 02:35:00","EDT","NORTH",61755,393.7
"04/03/2010 02:35:00","EDT","WEST",61752,1320.2
"04/03/2010 02:40:00","EDT","CAPITL",61757,768.4
"04/03/2010 02:40:00","EDT","CENTRL",61754,1274.2
"04/03/2010 02:40:00","EDT","DUNWOD",61760,361.3
"04/03/2010 02:40:00","EDT","GENESE",61753,744.2
"04/03/2010 02:40:00","EDT","HUD VL",61758,750.4
"04/03/2010 02:40:00","EDT","LONGIL",61762,1697.8
"04/03/2010 02:40:00","EDT","MHK VL",61756,572.2
"04/03/2010 02:40:00","EDT","MILLWD",61759,210.8
"04/03/2010 02:40:00","EDT","N.Y.C.",61761,4217
"04/03/2010 02:40:00","EDT","NORTH",61755,394.8
"04/03/2010 02:40:00","EDT","WEST",61752,1326
"04/03/2010 02:45:00","EDT","CAPITL",61757,768.7
"04/03/2010 02:45:00","EDT","CENTRL",61754,1303.4
"04/03/2010 02:45:00","EDT","DUNWOD",61760,360.6
"04/03/2010 02:45:00","EDT","GENESE",61753,743.8
"04/03/2010 02:45:00","EDT","HUD VL",61758,752.4
"04/03/2010 02:45:00","EDT","LONGIL",61762,1679.6
"04/03/2010 02:45:00","EDT","MHK VL",61756,572.4
"04/03/2010 02:45:00","EDT","MILLWD",61759,209.4
"04/03/2010 02:45:00","EDT","N.Y.C.",61761,4213.4
"04/03/2010 02:45:00","EDT","NORTH",61755,396.7
"04/03/2010 02:45:00","EDT","WEST",61752,1318.1
"04/03/2010 02:50:00","EDT","CAPITL",61757,765.7
"04/03/2010 02:50:00","EDT","CENTRL",61754,1301.3
"04/03/2010 02:50:00","EDT","DUNWOD",61760,374.7
"04/03/2010 02:50:00","EDT","GENESE",61753,746.6
"04/03/2010 02:50:00","EDT","HUD VL",61758,749.3
"04/03/2010 02:50:00","EDT","LONGIL",61762,1682.2
"04/03/2010 02:50:00","EDT","MHK VL",61756,562.9
"04/03/2010 02:50:00","EDT","MILLWD",61759,205.3
"04/03/2010 02:50:00","EDT","N.Y.C.",61761,4197
"04/03/2010 02:50:00","EDT","NORTH",61755,402.8
"04/03/2010 02:50:00","EDT","WEST",61752,1315.2
"04/03/2010 02:55:00","EDT","CAPITL",61757,763.5
"04/03/2010 02:55:00","EDT","CENTRL",61754,1304.9
"04/03/2010 02:55:00","EDT","DUNWOD",61760,355.4
"04/03/2010 02:55:00","EDT","GENESE",61753,740.2
"04/03/2010 02:55:00","EDT","HUD VL",61758,754.2
"04/03/2010 02:55:00","EDT","LONGIL",61762,1675.2
"04/03/2010 02:55:00","EDT","MHK VL",61756,564.7
"04/03/2010 02:55:00","EDT","MILLWD",61759,207.2
"04/03/2010 02:55:00","EDT","N.Y.C.",61761,4206
"04/03/2010 02:55:00","EDT","NORTH",61755,389.4
"04/03/2010 02:55:00","EDT","WEST",61752,1307.1
"04/03/2010 03:00:00","EDT","CAPITL",61757,770.1
"04/03/2010 03:00:00","EDT","CENTRL",61754,1306.3
"04/03/2010 03:00:00","EDT","DUNWOD",61760,361.2
"04/03/2010 03:00:00","EDT","GENESE",61753,736.5
"04/03/2010 03:00:00","EDT","HUD VL",61758,747.8
"04/03/2010 03:00:00","EDT","LONGIL",61762,1669.1
"04/03/2010 03:00:00","EDT","MHK VL",61756,558.5
"04/03/2010 03:00:00","EDT","MILLWD",61759,203.8
"04/03/2010 03:00:00","EDT","N.Y.C.",61761,4188.3
"04/03/2010 03:00:00","EDT","NORTH",61755,397
"04/03/2010 03:00:00","EDT","WEST",61752,1319.6
"04/03/2010 03:05:00","EDT","CAPITL",61757,770
"04/03/2010 03:05:00","EDT","CENTRL",61754,1262.7
"04/03/2010 03:05:00","EDT","DUNWOD",61760,357.7
"04/03/2010 03:05:00","EDT","GENESE",61753,746.1
"04/03/2010 03:05:00","EDT","HUD VL",61758,742.9
"04/03/2010 03:05:00","EDT","LONGIL",61762,1668.4
"04/03/2010 03:05:00","EDT","MHK VL",61756,557.3
"04/03/2010 03:05:00","EDT","MILLWD",61759,211
"04/03/2010 03:05:00","EDT","N.Y.C.",61761,4182.9
"04/03/2010 03:05:00","EDT","NORTH",61755,394.8
"04/03/2010 03:05:00","EDT","WEST",61752,1309.6
"04/03/2010 03:10:00","EDT","CAPITL",61757,764.8
"04/03/2010 03:10:00","EDT","CENTRL",61754,1318.7
"04/03/2010 03:10:00","EDT","DUNWOD",61760,346.8
"04/03/2010 03:10:00","EDT","GENESE",61753,737.8
"04/03/2010 03:10:00","EDT","HUD VL",61758,747.8
"04/03/2010 03:10:00","EDT","LONGIL",61762,1660.8
"04/03/2010 03:10:00","EDT","MHK VL",61756,563.6
"04/03/2010 03:10:00","EDT","MILLWD",61759,209.7
"04/03/2010 03:10:00","EDT","N.Y.C.",61761,4185.1
"04/03/2010 03:10:00","EDT","NORTH",61755,393.4
"04/03/2010 03:10:00","EDT","WEST",61752,1314.8
"04/03/2010 03:15:00","EDT","CAPITL",61757,760.6
"04/03/2010 03:15:00","EDT","CENTRL",61754,1304.7
"04/03/2010 03:15:00","EDT","DUNWOD",61760,363.7
"04/03/2010 03:15:00","EDT","GENESE",61753,738.7
"04/03/2010 03:15:00","EDT","HUD VL",61758,762.9
"04/03/2010 03:15:00","EDT","LONGIL",61762,1662.2
"04/03/2010 03:15:00","EDT","MHK VL",61756,558.1
"04/03/2010 03:15:00","EDT","MILLWD",61759,201.1
"04/03/2010 03:15:00","EDT","N.Y.C.",61761,4168.8
"04/03/2010 03:15:00","EDT","NORTH",61755,392.7
"04/03/2010 03:15:00","EDT","WEST",61752,1318.7
"04/03/2010 03:20:00","EDT","CAPITL",61757,774.7
"04/03/2010 03:20:00","EDT","CENTRL",61754,1310.5
"04/03/2010 03:20:00","EDT","DUNWOD",61760,335.9
"04/03/2010 03:20:00","EDT","GENESE",61753,739.9
"04/03/2010 03:20:00","EDT","HUD VL",61758,758.6
"04/03/2010 03:20:00","EDT","LONGIL",61762,1659.8
"04/03/2010 03:20:00","EDT","MHK VL",61756,552.6
"04/03/2010 03:20:00","EDT","MILLWD",61759,230.4
"04/03/2010 03:20:00","EDT","N.Y.C.",61761,4155.5
"04/03/2010 03:20:00","EDT","NORTH",61755,394.4
"04/03/2010 03:20:00","EDT","WEST",61752,1304.1
"04/03/2010 03:25:00","EDT","CAPITL",61757,762.2
"04/03/2010 03:25:00","EDT","CENTRL",61754,1305.2
"04/03/2010 03:25:00","EDT","DUNWOD",61760,356.6
"04/03/2010 03:25:00","EDT","GENESE",61753,737.8
"04/03/2010 03:25:00","EDT","HUD VL",61758,773.4
"04/03/2010 03:25:00","EDT","LONGIL",61762,1670.5
"04/03/2010 03:25:00","EDT","MHK VL",61756,551.6
"04/03/2010 03:25:00","EDT","MILLWD",61759,207.4
"04/03/2010 03:25:00","EDT","N.Y.C.",61761,4134.5
"04/03/2010 03:25:00","EDT","NORTH",61755,396.1
"04/03/2010 03:25:00","EDT","WEST",61752,1294.3
"04/03/2010 03:30:00","EDT","CAPITL",61757,762.3
"04/03/2010 03:30:00","EDT","CENTRL",61754,1302.9
"04/03/2010 03:30:00","EDT","DUNWOD",61760,368.9
"04/03/2010 03:30:00","EDT","GENESE",61753,735.2
"04/03/2010 03:30:00","EDT","HUD VL",61758,756.5
"04/03/2010 03:30:00","EDT","LONGIL",61762,1663.9
"04/03/2010 03:30:00","EDT","MHK VL",61756,549.9
"04/03/2010 03:30:00","EDT","MILLWD",61759,200.8
"04/03/2010 03:30:00","EDT","N.Y.C.",61761,4139.4
"04/03/2010 03:30:00","EDT","NORTH",61755,397.7
"04/03/2010 03:30:00","EDT","WEST",61752,1308.8
"04/03/2010 03:35:00","EDT","CAPITL",61757,757.2
"04/03/2010 03:35:00","EDT","CENTRL",61754,1267.4
"04/03/2010 03:35:00","EDT","DUNWOD",61760,361.4
"04/03/2010 03:35:00","EDT","GENESE",61753,731.2
"04/03/2010 03:35:00","EDT","HUD VL",61758,766
"04/03/2010 03:35:00","EDT","LONGIL",61762,1657.3
"04/03/2010 03:35:00","EDT","MHK VL",61756,553.7
"04/03/2010 03:35:00","EDT","MILLWD",61759,198.9
"04/03/2010 03:35:00","EDT","N.Y.C.",61761,4147
"04/03/2010 03:35:00","EDT","NORTH",61755,390.3
"04/03/2010 03:35:00","EDT","WEST",61752,1309.5
"04/03/2010 03:40:00","EDT","CAPITL",61757,763.2
"04/03/2010 03:40:00","EDT","CENTRL",61754,1254.5
"04/03/2010 03:40:00","EDT","DUNWOD",61760,350.7
"04/03/2010 03:40:00","EDT","GENESE",61753,732.2
"04/03/2010 03:40:00","EDT","HUD VL",61758,755.4
"04/03/2010 03:40:00","EDT","LONGIL",61762,1662.3
"04/03/2010 03:40:00","EDT","MHK VL",61756,553.9
"04/03/2010 03:40:00","EDT","MILLWD",61759,199.4
"04/03/2010 03:40:00","EDT","N.Y.C.",61761,4144.7
"04/03/2010 03:40:00","EDT","NORTH",61755,389
"04/03/2010 03:40:00","EDT","WEST",61752,1293.8
"04/03/2010 03:45:00","EDT","CAPITL",61757,764.8
"04/03/2010 03:45:00","EDT","CENTRL",61754,1270.1
"04/03/2010 03:45:00","EDT","DUNWOD",61760,367.4
"04/03/2010 03:45:00","EDT","GENESE",61753,731.5
"04/03/2010 03:45:00","EDT","HUD VL",61758,765.4
"04/03/2010 03:45:00","EDT","LONGIL",61762,1659.8
"04/03/2010 03:45:00","EDT","MHK VL",61756,551.1
"04/03/2010 03:45:00","EDT","MILLWD",61759,187
"04/03/2010 03:45:00","EDT","N.Y.C.",61761,4125
"04/03/2010 03:45:00","EDT","NORTH",61755,386.4
"04/03/2010 03:45:00","EDT","WEST",61752,1305.1
"04/03/2010 03:50:00","EDT","CAPITL",61757,762.6
"04/03/2010 03:50:00","EDT","CENTRL",61754,1300
"04/03/2010 03:50:00","EDT","DUNWOD",61760,342.8
"04/03/2010 03:50:00","EDT","GENESE",61753,726.4
"04/03/2010 03:50:00","EDT","HUD VL",61758,755.2
"04/03/2010 03:50:00","EDT","LONGIL",61762,1654.8
"04/03/2010 03:50:00","EDT","MHK VL",61756,538.9
"04/03/2010 03:50:00","EDT","MILLWD",61759,214.9
"04/03/2010 03:50:00","EDT","N.Y.C.",61761,4141.2
"04/03/2010 03:50:00","EDT","NORTH",61755,395.5
"04/03/2010 03:50:00","EDT","WEST",61752,1301
"04/03/2010 03:55:00","EDT","CAPITL",61757,765
"04/03/2010 03:55:00","EDT","CENTRL",61754,1302.2
"04/03/2010 03:55:00","EDT","DUNWOD",61760,353.8
"04/03/2010 03:55:00","EDT","GENESE",61753,734.2
"04/03/2010 03:55:00","EDT","HUD VL",61758,743.1
"04/03/2010 03:55:00","EDT","LONGIL",61762,1659
"04/03/2010 03:55:00","EDT","MHK VL",61756,544.9
"04/03/2010 03:55:00","EDT","MILLWD",61759,211.6
"04/03/2010 03:55:00","EDT","N.Y.C.",61761,4115.7
"04/03/2010 03:55:00","EDT","NORTH",61755,390.9
"04/03/2010 03:55:00","EDT","WEST",61752,1280.9
"04/03/2010 04:00:00","EDT","CAPITL",61757,768
"04/03/2010 04:00:00","EDT","CENTRL",61754,1306.2
"04/03/2010 04:00:00","EDT","DUNWOD",61760,366.5
"04/03/2010 04:00:00","EDT","GENESE",61753,727.9
"04/03/2010 04:00:00","EDT","HUD VL",61758,744.7
"04/03/2010 04:00:00","EDT","LONGIL",61762,1654.9
"04/03/2010 04:00:00","EDT","MHK VL",61756,544.3
"04/03/2010 04:00:00","EDT","MILLWD",61759,195.5
"04/03/2010 04:00:00","EDT","N.Y.C.",61761,4106.8
"04/03/2010 04:00:00","EDT","NORTH",61755,391.5
"04/03/2010 04:00:00","EDT","WEST",61752,1301.7
"04/03/2010 04:05:00","EDT","CAPITL",61757,774.5
"04/03/2010 04:05:00","EDT","CENTRL",61754,1256.4
"04/03/2010 04:05:00","EDT","DUNWOD",61760,349.6
"04/03/2010 04:05:00","EDT","GENESE",61753,736.6
"04/03/2010 04:05:00","EDT","HUD VL",61758,755.6
"04/03/2010 04:05:00","EDT","LONGIL",61762,1666.7
"04/03/2010 04:05:00","EDT","MHK VL",61756,546.3
"04/03/2010 04:05:00","EDT","MILLWD",61759,204.1
"04/03/2010 04:05:00","EDT","N.Y.C.",61761,4122.7
"04/03/2010 04:05:00","EDT","NORTH",61755,391.4
"04/03/2010 04:05:00","EDT","WEST",61752,1285.4
"04/03/2010 04:10:00","EDT","CAPITL",61757,763.3
"04/03/2010 04:10:00","EDT","CENTRL",61754,1295.8
"04/03/2010 04:10:00","EDT","DUNWOD",61760,350.5
"04/03/2010 04:10:00","EDT","GENESE",61753,729.5
"04/03/2010 04:10:00","EDT","HUD VL",61758,755.3
"04/03/2010 04:10:00","EDT","LONGIL",61762,1650.6
"04/03/2010 04:10:00","EDT","MHK VL",61756,558.9
"04/03/2010 04:10:00","EDT","MILLWD",61759,209.8
"04/03/2010 04:10:00","EDT","N.Y.C.",61761,4115.3
"04/03/2010 04:10:00","EDT","NORTH",61755,389.2
"04/03/2010 04:10:00","EDT","WEST",61752,1294.1
"04/03/2010 04:15:00","EDT","CAPITL",61757,769.5
"04/03/2010 04:15:00","EDT","CENTRL",61754,1317.6
"04/03/2010 04:15:00","EDT","DUNWOD",61760,361.9
"04/03/2010 04:15:00","EDT","GENESE",61753,730.1
"04/03/2010 04:15:00","EDT","HUD VL",61758,754.6
"04/03/2010 04:15:00","EDT","LONGIL",61762,1653.7
"04/03/2010 04:15:00","EDT","MHK VL",61756,548.5
"04/03/2010 04:15:00","EDT","MILLWD",61759,203
"04/03/2010 04:15:00","EDT","N.Y.C.",61761,4115.7
"04/03/2010 04:15:00","EDT","NORTH",61755,392
"04/03/2010 04:15:00","EDT","WEST",61752,1295.8
"04/03/2010 04:20:00","EDT","CAPITL",61757,765.9
"04/03/2010 04:20:00","EDT","CENTRL",61754,1305.5
"04/03/2010 04:20:00","EDT","DUNWOD",61760,349.4
"04/03/2010 04:20:00","EDT","GENESE",61753,727.7
"04/03/2010 04:20:00","EDT","HUD VL",61758,765.5
"04/03/2010 04:20:00","EDT","LONGIL",61762,1663.9
"04/03/2010 04:20:00","EDT","MHK VL",61756,551.2
"04/03/2010 04:20:00","EDT","MILLWD",61759,208.4
"04/03/2010 04:20:00","EDT","N.Y.C.",61761,4114.5
"04/03/2010 04:20:00","EDT","NORTH",61755,393.7
"04/03/2010 04:20:00","EDT","WEST",61752,1295.3
"04/03/2010 04:25:00","EDT","CAPITL",61757,762.8
"04/03/2010 04:25:00","EDT","CENTRL",61754,1304.9
"04/03/2010 04:25:00","EDT","DUNWOD",61760,343.4
"04/03/2010 04:25:00","EDT","GENESE",61753,734.7
"04/03/2010 04:25:00","EDT","HUD VL",61758,757
"04/03/2010 04:25:00","EDT","LONGIL",61762,1659.2
"04/03/2010 04:25:00","EDT","MHK VL",61756,544.5
"04/03/2010 04:25:00","EDT","MILLWD",61759,209.9
"04/03/2010 04:25:00","EDT","N.Y.C.",61761,4102.4
"04/03/2010 04:25:00","EDT","NORTH",61755,391.4
"04/03/2010 04:25:00","EDT","WEST",61752,1302.5
"04/03/2010 04:30:00","EDT","CAPITL",61757,766.6
"04/03/2010 04:30:00","EDT","CENTRL",61754,1254.9
"04/03/2010 04:30:00","EDT","DUNWOD",61760,347.1
"04/03/2010 04:30:00","EDT","GENESE",61753,733.4
"04/03/2010 04:30:00","EDT","HUD VL",61758,753.8
"04/03/2010 04:30:00","EDT","LONGIL",61762,1652.8
"04/03/2010 04:30:00","EDT","MHK VL",61756,545.2
"04/03/2010 04:30:00","EDT","MILLWD",61759,201.7
"04/03/2010 04:30:00","EDT","N.Y.C.",61761,4105.3
"04/03/2010 04:30:00","EDT","NORTH",61755,391
"04/03/2010 04:30:00","EDT","WEST",61752,1301.4
"04/03/2010 04:35:00","EDT","CAPITL",61757,771.7
"04/03/2010 04:35:00","EDT","CENTRL",61754,1273.2
"04/03/2010 04:35:00","EDT","DUNWOD",61760,358.3
"04/03/2010 04:35:00","EDT","GENESE",61753,730.1
"04/03/2010 04:35:00","EDT","HUD VL",61758,749.9
"04/03/2010 04:35:00","EDT","LONGIL",61762,1655.7
"04/03/2010 04:35:00","EDT","MHK VL",61756,549.1
"04/03/2010 04:35:00","EDT","MILLWD",61759,204.2
"04/03/2010 04:35:00","EDT","N.Y.C.",61761,4105.9
"04/03/2010 04:35:00","EDT","NORTH",61755,391.9
"04/03/2010 04:35:00","EDT","WEST",61752,1299
"04/03/2010 04:40:00","EDT","CAPITL",61757,780.5
"04/03/2010 04:40:00","EDT","CENTRL",61754,1296
"04/03/2010 04:40:00","EDT","DUNWOD",61760,350.5
"04/03/2010 04:40:00","EDT","GENESE",61753,733.9
"04/03/2010 04:40:00","EDT","HUD VL",61758,757.8
"04/03/2010 04:40:00","EDT","LONGIL",61762,1655.6
"04/03/2010 04:40:00","EDT","MHK VL",61756,548.6
"04/03/2010 04:40:00","EDT","MILLWD",61759,206.5
"04/03/2010 04:40:00","EDT","N.Y.C.",61761,4088.3
"04/03/2010 04:40:00","EDT","NORTH",61755,394.9
"04/03/2010 04:40:00","EDT","WEST",61752,1307.9
"04/03/2010 04:45:00","EDT","CAPITL",61757,763
"04/03/2010 04:45:00","EDT","CENTRL",61754,1289.9
"04/03/2010 04:45:00","EDT","DUNWOD",61760,343
"04/03/2010 04:45:00","EDT","GENESE",61753,731.8
"04/03/2010 04:45:00","EDT","HUD VL",61758,753
"04/03/2010 04:45:00","EDT","LONGIL",61762,1656.8
"04/03/2010 04:45:00","EDT","MHK VL",61756,554.3
"04/03/2010 04:45:00","EDT","MILLWD",61759,215.1
"04/03/2010 04:45:00","EDT","N.Y.C.",61761,4129.2
"04/03/2010 04:45:00","EDT","NORTH",61755,392.2
"04/03/2010 04:45:00","EDT","WEST",61752,1326.9
"04/03/2010 04:50:00","EDT","CAPITL",61757,777.5
"04/03/2010 04:50:00","EDT","CENTRL",61754,1293.5
"04/03/2010 04:50:00","EDT","DUNWOD",61760,352.9
"04/03/2010 04:50:00","EDT","GENESE",61753,729.4
"04/03/2010 04:50:00","EDT","HUD VL",61758,753.4
"04/03/2010 04:50:00","EDT","LONGIL",61762,1654.9
"04/03/2010 04:50:00","EDT","MHK VL",61756,559.4
"04/03/2010 04:50:00","EDT","MILLWD",61759,205
"04/03/2010 04:50:00","EDT","N.Y.C.",61761,4108
"04/03/2010 04:50:00","EDT","NORTH",61755,396.6
"04/03/2010 04:50:00","EDT","WEST",61752,1316.2
"04/03/2010 04:55:00","EDT","CAPITL",61757,762.4
"04/03/2010 04:55:00","EDT","CENTRL",61754,1283.8
"04/03/2010 04:55:00","EDT","DUNWOD",61760,354.8
"04/03/2010 04:55:00","EDT","GENESE",61753,733.2
"04/03/2010 04:55:00","EDT","HUD VL",61758,766.7
"04/03/2010 04:55:00","EDT","LONGIL",61762,1667.6
"04/03/2010 04:55:00","EDT","MHK VL",61756,554.5
"04/03/2010 04:55:00","EDT","MILLWD",61759,197.7
"04/03/2010 04:55:00","EDT","N.Y.C.",61761,4110.3
"04/03/2010 04:55:00","EDT","NORTH",61755,395.2
"04/03/2010 04:55:00","EDT","WEST",61752,1313.1
"04/03/2010 05:00:00","EDT","CAPITL",61757,760.9
"04/03/2010 05:00:00","EDT","CENTRL",61754,1299.6
"04/03/2010 05:00:00","EDT","DUNWOD",61760,365.5
"04/03/2010 05:00:00","EDT","GENESE",61753,738.4
"04/03/2010 05:00:00","EDT","HUD VL",61758,747.8
"04/03/2010 05:00:00","EDT","LONGIL",61762,1662.6
"04/03/2010 05:00:00","EDT","MHK VL",61756,543.2
"04/03/2010 05:00:00","EDT","MILLWD",61759,200.8
"04/03/2010 05:00:00","EDT","N.Y.C.",61761,4110.8
"04/03/2010 05:00:00","EDT","NORTH",61755,401.4
"04/03/2010 05:00:00","EDT","WEST",61752,1306.6
"04/03/2010 05:05:00","EDT","CAPITL",61757,774.2
"04/03/2010 05:05:00","EDT","CENTRL",61754,1288.7
"04/03/2010 05:05:00","EDT","DUNWOD",61760,350.1
"04/03/2010 05:05:00","EDT","GENESE",61753,727.3
"04/03/2010 05:05:00","EDT","HUD VL",61758,770.7
"04/03/2010 05:05:00","EDT","LONGIL",61762,1663.8
"04/03/2010 05:05:00","EDT","MHK VL",61756,569.3
"04/03/2010 05:05:00","EDT","MILLWD",61759,213.3
"04/03/2010 05:05:00","EDT","N.Y.C.",61761,4101.1
"04/03/2010 05:05:00","EDT","NORTH",61755,191.6
"04/03/2010 05:05:00","EDT","WEST",61752,1319.8
"04/03/2010 05:10:00","EDT","CAPITL",61757,772.1
"04/03/2010 05:10:00","EDT","CENTRL",61754,1295.5
"04/03/2010 05:10:00","EDT","DUNWOD",61760,354.4
"04/03/2010 05:10:00","EDT","GENESE",61753,738
"04/03/2010 05:10:00","EDT","HUD VL",61758,763.5
"04/03/2010 05:10:00","EDT","LONGIL",61762,1670.7
"04/03/2010 05:10:00","EDT","MHK VL",61756,579.8
"04/03/2010 05:10:00","EDT","MILLWD",61759,211.5
"04/03/2010 05:10:00","EDT","N.Y.C.",61761,4122.7
"04/03/2010 05:10:00","EDT","NORTH",61755,178.6
"04/03/2010 05:10:00","EDT","WEST",61752,1323
"04/03/2010 05:15:00","EDT","CAPITL",61757,768.8
"04/03/2010 05:15:00","EDT","CENTRL",61754,1317.4
"04/03/2010 05:15:00","EDT","DUNWOD",61760,354.8
"04/03/2010 05:15:00","EDT","GENESE",61753,740
"04/03/2010 05:15:00","EDT","HUD VL",61758,760.1
"04/03/2010 05:15:00","EDT","LONGIL",61762,1677.3
"04/03/2010 05:15:00","EDT","MHK VL",61756,579.7
"04/03/2010 05:15:00","EDT","MILLWD",61759,208.5
"04/03/2010 05:15:00","EDT","N.Y.C.",61761,4136.2
"04/03/2010 05:15:00","EDT","NORTH",61755,175.7
"04/03/2010 05:15:00","EDT","WEST",61752,1314.9
"04/03/2010 05:20:00","EDT","CAPITL",61757,778.6
"04/03/2010 05:20:00","EDT","CENTRL",61754,1322.6
"04/03/2010 05:20:00","EDT","DUNWOD",61760,329.1
"04/03/2010 05:20:00","EDT","GENESE",61753,739.2
"04/03/2010 05:20:00","EDT","HUD VL",61758,763.2
"04/03/2010 05:20:00","EDT","LONGIL",61762,1678.9
"04/03/2010 05:20:00","EDT","MHK VL",61756,561.1
"04/03/2010 05:20:00","EDT","MILLWD",61759,241.3
"04/03/2010 05:20:00","EDT","N.Y.C.",61761,4118.3
"04/03/2010 05:20:00","EDT","NORTH",61755,398.6
"04/03/2010 05:20:00","EDT","WEST",61752,1318.6
"04/03/2010 05:25:00","EDT","CAPITL",61757,784.1
"04/03/2010 05:25:00","EDT","CENTRL",61754,1270.4
"04/03/2010 05:25:00","EDT","DUNWOD",61760,354.8
"04/03/2010 05:25:00","EDT","GENESE",61753,733.7
"04/03/2010 05:25:00","EDT","HUD VL",61758,768.2
"04/03/2010 05:25:00","EDT","LONGIL",61762,1674.4
"04/03/2010 05:25:00","EDT","MHK VL",61756,567.7
"04/03/2010 05:25:00","EDT","MILLWD",61759,211.6
"04/03/2010 05:25:00","EDT","N.Y.C.",61761,4137.3
"04/03/2010 05:25:00","EDT","NORTH",61755,395.6
"04/03/2010 05:25:00","EDT","WEST",61752,1324.9
"04/03/2010 05:30:00","EDT","CAPITL",61757,780.1
"04/03/2010 05:30:00","EDT","CENTRL",61754,1283.8
"04/03/2010 05:30:00","EDT","DUNWOD",61760,348
"04/03/2010 05:30:00","EDT","GENESE",61753,732.9
"04/03/2010 05:30:00","EDT","HUD VL",61758,752.8
"04/03/2010 05:30:00","EDT","LONGIL",61762,1679.2
"04/03/2010 05:30:00","EDT","MHK VL",61756,573
"04/03/2010 05:30:00","EDT","MILLWD",61759,228.2
"04/03/2010 05:30:00","EDT","N.Y.C.",61761,4152.5
"04/03/2010 05:30:00","EDT","NORTH",61755,402.9
"04/03/2010 05:30:00","EDT","WEST",61752,1337.9
"04/03/2010 05:35:00","EDT","CAPITL",61757,789.8
"04/03/2010 05:35:00","EDT","CENTRL",61754,1315.5
"04/03/2010 05:35:00","EDT","DUNWOD",61760,388.8
"04/03/2010 05:35:00","EDT","GENESE",61753,742.9
"04/03/2010 05:35:00","EDT","HUD VL",61758,821.1
"04/03/2010 05:35:00","EDT","LONGIL",61762,1696.1
"04/03/2010 05:35:00","EDT","MHK VL",61756,595.6
"04/03/2010 05:35:00","EDT","MILLWD",61759,260.3
"04/03/2010 05:35:00","EDT","N.Y.C.",61761,4143.4
"04/03/2010 05:35:00","EDT","NORTH",61755,402.1
"04/03/2010 05:35:00","EDT","WEST",61752,1335.5
"04/03/2010 05:40:00","EDT","CAPITL",61757,786.6
"04/03/2010 05:40:00","EDT","CENTRL",61754,1333.3
"04/03/2010 05:40:00","EDT","DUNWOD",61760,370
"04/03/2010 05:40:00","EDT","GENESE",61753,747
"04/03/2010 05:40:00","EDT","HUD VL",61758,752.4
"04/03/2010 05:40:00","EDT","LONGIL",61762,1695.4
"04/03/2010 05:40:00","EDT","MHK VL",61756,572.9
"04/03/2010 05:40:00","EDT","MILLWD",61759,217.9
"04/03/2010 05:40:00","EDT","N.Y.C.",61761,4155
"04/03/2010 05:40:00","EDT","NORTH",61755,396.2
"04/03/2010 05:40:00","EDT","WEST",61752,1334.8
"04/03/2010 05:45:00","EDT","CAPITL",61757,786
"04/03/2010 05:45:00","EDT","CENTRL",61754,1334.8
"04/03/2010 05:45:00","EDT","DUNWOD",61760,356.5
"04/03/2010 05:45:00","EDT","GENESE",61753,746.9
"04/03/2010 05:45:00","EDT","HUD VL",61758,771.6
"04/03/2010 05:45:00","EDT","LONGIL",61762,1698.7
"04/03/2010 05:45:00","EDT","MHK VL",61756,580.4
"04/03/2010 05:45:00","EDT","MILLWD",61759,225.8
"04/03/2010 05:45:00","EDT","N.Y.C.",61761,4188.2
"04/03/2010 05:45:00","EDT","NORTH",61755,400.6
"04/03/2010 05:45:00","EDT","WEST",61752,1329.9
"04/03/2010 05:50:00","EDT","CAPITL",61757,792.6
"04/03/2010 05:50:00","EDT","CENTRL",61754,1303.5
"04/03/2010 05:50:00","EDT","DUNWOD",61760,356.7
"04/03/2010 05:50:00","EDT","GENESE",61753,743.8
"04/03/2010 05:50:00","EDT","HUD VL",61758,792.1
"04/03/2010 05:50:00","EDT","LONGIL",61762,1704.5
"04/03/2010 05:50:00","EDT","MHK VL",61756,584.8
"04/03/2010 05:50:00","EDT","MILLWD",61759,214.2
"04/03/2010 05:50:00","EDT","N.Y.C.",61761,4183.9
"04/03/2010 05:50:00","EDT","NORTH",61755,406
"04/03/2010 05:50:00","EDT","WEST",61752,1351.4
"04/03/2010 05:55:00","EDT","CAPITL",61757,803.1
"04/03/2010 05:55:00","EDT","CENTRL",61754,1325.1
"04/03/2010 05:55:00","EDT","DUNWOD",61760,377.9
"04/03/2010 05:55:00","EDT","GENESE",61753,749.6
"04/03/2010 05:55:00","EDT","HUD VL",61758,785.8
"04/03/2010 05:55:00","EDT","LONGIL",61762,1707.6
"04/03/2010 05:55:00","EDT","MHK VL",61756,584.7
"04/03/2010 05:55:00","EDT","MILLWD",61759,203.8
"04/03/2010 05:55:00","EDT","N.Y.C.",61761,4184.7
"04/03/2010 05:55:00","EDT","NORTH",61755,401
"04/03/2010 05:55:00","EDT","WEST",61752,1331.7
"04/03/2010 06:00:00","EDT","CAPITL",61757,803.9
"04/03/2010 06:00:00","EDT","CENTRL",61754,1343.1
"04/03/2010 06:00:00","EDT","DUNWOD",61760,370.4
"04/03/2010 06:00:00","EDT","GENESE",61753,753.8
"04/03/2010 06:00:00","EDT","HUD VL",61758,776.6
"04/03/2010 06:00:00","EDT","LONGIL",61762,1727
"04/03/2010 06:00:00","EDT","MHK VL",61756,591.1
"04/03/2010 06:00:00","EDT","MILLWD",61759,217.1
"04/03/2010 06:00:00","EDT","N.Y.C.",61761,4209.3
"04/03/2010 06:00:00","EDT","NORTH",61755,396.3
"04/03/2010 06:00:00","EDT","WEST",61752,1337.9
"04/03/2010 06:05:00","EDT","CAPITL",61757,793.4
"04/03/2010 06:05:00","EDT","CENTRL",61754,1345.8
"04/03/2010 06:05:00","EDT","DUNWOD",61760,372
"04/03/2010 06:05:00","EDT","GENESE",61753,756.8
"04/03/2010 06:05:00","EDT","HUD VL",61758,795.4
"04/03/2010 06:05:00","EDT","LONGIL",61762,1748
"04/03/2010 06:05:00","EDT","MHK VL",61756,590.9
"04/03/2010 06:05:00","EDT","MILLWD",61759,213.3
"04/03/2010 06:05:00","EDT","N.Y.C.",61761,4208.8
"04/03/2010 06:05:00","EDT","NORTH",61755,406
"04/03/2010 06:05:00","EDT","WEST",61752,1345.3
"04/03/2010 06:10:00","EDT","CAPITL",61757,828.5
"04/03/2010 06:10:00","EDT","CENTRL",61754,1359.8
"04/03/2010 06:10:00","EDT","DUNWOD",61760,374.6
"04/03/2010 06:10:00","EDT","GENESE",61753,768.3
"04/03/2010 06:10:00","EDT","HUD VL",61758,810.4
"04/03/2010 06:10:00","EDT","LONGIL",61762,1752.4
"04/03/2010 06:10:00","EDT","MHK VL",61756,598.7
"04/03/2010 06:10:00","EDT","MILLWD",61759,220.1
"04/03/2010 06:10:00","EDT","N.Y.C.",61761,4233.4
"04/03/2010 06:10:00","EDT","NORTH",61755,408.8
"04/03/2010 06:10:00","EDT","WEST",61752,1360.4
"04/03/2010 06:15:00","EDT","CAPITL",61757,827.6
"04/03/2010 06:15:00","EDT","CENTRL",61754,1380.5
"04/03/2010 06:15:00","EDT","DUNWOD",61760,380.2
"04/03/2010 06:15:00","EDT","GENESE",61753,775.3
"04/03/2010 06:15:00","EDT","HUD VL",61758,812.7
"04/03/2010 06:15:00","EDT","LONGIL",61762,1771.4
"04/03/2010 06:15:00","EDT","MHK VL",61756,607.3
"04/03/2010 06:15:00","EDT","MILLWD",61759,223.4
"04/03/2010 06:15:00","EDT","N.Y.C.",61761,4267.5
"04/03/2010 06:15:00","EDT","NORTH",61755,409.6
"04/03/2010 06:15:00","EDT","WEST",61752,1357.6
"04/03/2010 06:20:00","EDT","CAPITL",61757,830.4
"04/03/2010 06:20:00","EDT","CENTRL",61754,1336.4
"04/03/2010 06:20:00","EDT","DUNWOD",61760,378.4
"04/03/2010 06:20:00","EDT","GENESE",61753,777.3
"04/03/2010 06:20:00","EDT","HUD VL",61758,801
"04/03/2010 06:20:00","EDT","LONGIL",61762,1764.2
"04/03/2010 06:20:00","EDT","MHK VL",61756,611.1
"04/03/2010 06:20:00","EDT","MILLWD",61759,225
"04/03/2010 06:20:00","EDT","N.Y.C.",61761,4263.3
"04/03/2010 06:20:00","EDT","NORTH",61755,408.5
"04/03/2010 06:20:00","EDT","WEST",61752,1361.4
"04/03/2010 06:25:00","EDT","CAPITL",61757,828.3
"04/03/2010 06:25:00","EDT","CENTRL",61754,1386.2
"04/03/2010 06:25:00","EDT","DUNWOD",61760,367.9
"04/03/2010 06:25:00","EDT","GENESE",61753,771.1
"04/03/2010 06:25:00","EDT","HUD VL",61758,795.3
"04/03/2010 06:25:00","EDT","LONGIL",61762,1770.3
"04/03/2010 06:25:00","EDT","MHK VL",61756,612
"04/03/2010 06:25:00","EDT","MILLWD",61759,229.1
"04/03/2010 06:25:00","EDT","N.Y.C.",61761,4285.1
"04/03/2010 06:25:00","EDT","NORTH",61755,411.2
"04/03/2010 06:25:00","EDT","WEST",61752,1362.9
"04/03/2010 06:30:00","EDT","CAPITL",61757,832.8
"04/03/2010 06:30:00","EDT","CENTRL",61754,1393.1
"04/03/2010 06:30:00","EDT","DUNWOD",61760,354.5
"04/03/2010 06:30:00","EDT","GENESE",61753,785.6
"04/03/2010 06:30:00","EDT","HUD VL",61758,790.3
"04/03/2010 06:30:00","EDT","LONGIL",61762,1755.6
"04/03/2010 06:30:00","EDT","MHK VL",61756,607
"04/03/2010 06:30:00","EDT","MILLWD",61759,244.9
"04/03/2010 06:30:00","EDT","N.Y.C.",61761,4300.3
"04/03/2010 06:30:00","EDT","NORTH",61755,407
"04/03/2010 06:30:00","EDT","WEST",61752,1367.5
"04/03/2010 06:35:00","EDT","CAPITL",61757,819
"04/03/2010 06:35:00","EDT","CENTRL",61754,1391.3
"04/03/2010 06:35:00","EDT","DUNWOD",61760,370.5
"04/03/2010 06:35:00","EDT","GENESE",61753,783.4
"04/03/2010 06:35:00","EDT","HUD VL",61758,807.8
"04/03/2010 06:35:00","EDT","LONGIL",61762,1760.1
"04/03/2010 06:35:00","EDT","MHK VL",61756,620.5
"04/03/2010 06:35:00","EDT","MILLWD",61759,228.5
"04/03/2010 06:35:00","EDT","N.Y.C.",61761,4271.8
"04/03/2010 06:35:00","EDT","NORTH",61755,411.3
"04/03/2010 06:35:00","EDT","WEST",61752,1397
"04/03/2010 06:40:00","EDT","CAPITL",61757,837.1
"04/03/2010 06:40:00","EDT","CENTRL",61754,1388.5
"04/03/2010 06:40:00","EDT","DUNWOD",61760,371.3
"04/03/2010 06:40:00","EDT","GENESE",61753,794.1
"04/03/2010 06:40:00","EDT","HUD VL",61758,806.1
"04/03/2010 06:40:00","EDT","LONGIL",61762,1746.1
"04/03/2010 06:40:00","EDT","MHK VL",61756,608.8
"04/03/2010 06:40:00","EDT","MILLWD",61759,222.9
"04/03/2010 06:40:00","EDT","N.Y.C.",61761,4271.2
"04/03/2010 06:40:00","EDT","NORTH",61755,407.4
"04/03/2010 06:40:00","EDT","WEST",61752,1382.8
"04/03/2010 06:45:00","EDT","CAPITL",61757,846
"04/03/2010 06:45:00","EDT","CENTRL",61754,1394
"04/03/2010 06:45:00","EDT","DUNWOD",61760,374.8
"04/03/2010 06:45:00","EDT","GENESE",61753,787.7
"04/03/2010 06:45:00","EDT","HUD VL",61758,816.2
"04/03/2010 06:45:00","EDT","LONGIL",61762,1753.2
"04/03/2010 06:45:00","EDT","MHK VL",61756,605.3
"04/03/2010 06:45:00","EDT","MILLWD",61759,215.1
"04/03/2010 06:45:00","EDT","N.Y.C.",61761,4311
"04/03/2010 06:45:00","EDT","NORTH",61755,410.3
"04/03/2010 06:45:00","EDT","WEST",61752,1361.1
"04/03/2010 06:50:00","EDT","CAPITL",61757,841.9
"04/03/2010 06:50:00","EDT","CENTRL",61754,1359.8
"04/03/2010 06:50:00","EDT","DUNWOD",61760,363.5
"04/03/2010 06:50:00","EDT","GENESE",61753,786.7
"04/03/2010 06:50:00","EDT","HUD VL",61758,807
"04/03/2010 06:50:00","EDT","LONGIL",61762,1753.5
"04/03/2010 06:50:00","EDT","MHK VL",61756,612
"04/03/2010 06:50:00","EDT","MILLWD",61759,231.8
"04/03/2010 06:50:00","EDT","N.Y.C.",61761,4314.4
"04/03/2010 06:50:00","EDT","NORTH",61755,414.6
"04/03/2010 06:50:00","EDT","WEST",61752,1379.7
"04/03/2010 06:55:00","EDT","CAPITL",61757,850.7
"04/03/2010 06:55:00","EDT","CENTRL",61754,1399.3
"04/03/2010 06:55:00","EDT","DUNWOD",61760,374.5
"04/03/2010 06:55:00","EDT","GENESE",61753,789
"04/03/2010 06:55:00","EDT","HUD VL",61758,806.6
"04/03/2010 06:55:00","EDT","LONGIL",61762,1779
"04/03/2010 06:55:00","EDT","MHK VL",61756,615.7
"04/03/2010 06:55:00","EDT","MILLWD",61759,225.4
"04/03/2010 06:55:00","EDT","N.Y.C.",61761,4317
"04/03/2010 06:55:00","EDT","NORTH",61755,406.2
"04/03/2010 06:55:00","EDT","WEST",61752,1387
"04/03/2010 07:00:00","EDT","CAPITL",61757,851.8
"04/03/2010 07:00:00","EDT","CENTRL",61754,1388.6
"04/03/2010 07:00:00","EDT","DUNWOD",61760,368.1
"04/03/2010 07:00:00","EDT","GENESE",61753,789.8
"04/03/2010 07:00:00","EDT","HUD VL",61758,823.6
"04/03/2010 07:00:00","EDT","LONGIL",61762,1772.9
"04/03/2010 07:00:00","EDT","MHK VL",61756,618.6
"04/03/2010 07:00:00","EDT","MILLWD",61759,230.5
"04/03/2010 07:00:00","EDT","N.Y.C.",61761,4329.8
"04/03/2010 07:00:00","EDT","NORTH",61755,404.5
"04/03/2010 07:00:00","EDT","WEST",61752,1374.1
"04/03/2010 07:05:00","EDT","CAPITL",61757,859.8
"04/03/2010 07:05:00","EDT","CENTRL",61754,1397
"04/03/2010 07:05:00","EDT","DUNWOD",61760,364.9
"04/03/2010 07:05:00","EDT","GENESE",61753,797.3
"04/03/2010 07:05:00","EDT","HUD VL",61758,816.7
"04/03/2010 07:05:00","EDT","LONGIL",61762,1786.3
"04/03/2010 07:05:00","EDT","MHK VL",61756,614.2
"04/03/2010 07:05:00","EDT","MILLWD",61759,246.1
"04/03/2010 07:05:00","EDT","N.Y.C.",61761,4363.8
"04/03/2010 07:05:00","EDT","NORTH",61755,419.8
"04/03/2010 07:05:00","EDT","WEST",61752,1395.7
"04/03/2010 07:10:00","EDT","CAPITL",61757,859.9
"04/03/2010 07:10:00","EDT","CENTRL",61754,1362.8
"04/03/2010 07:10:00","EDT","DUNWOD",61760,389.4
"04/03/2010 07:10:00","EDT","GENESE",61753,797.8
"04/03/2010 07:10:00","EDT","HUD VL",61758,839.8
"04/03/2010 07:10:00","EDT","LONGIL",61762,1807.7
"04/03/2010 07:10:00","EDT","MHK VL",61756,628.2
"04/03/2010 07:10:00","EDT","MILLWD",61759,228.3
"04/03/2010 07:10:00","EDT","N.Y.C.",61761,4394
"04/03/2010 07:10:00","EDT","NORTH",61755,415.3
"04/03/2010 07:10:00","EDT","WEST",61752,1372.4
"04/03/2010 07:15:00","EDT","CAPITL",61757,880
"04/03/2010 07:15:00","EDT","CENTRL",61754,1373.7
"04/03/2010 07:15:00","EDT","DUNWOD",61760,394
"04/03/2010 07:15:00","EDT","GENESE",61753,800.8
"04/03/2010 07:15:00","EDT","HUD VL",61758,846.2
"04/03/2010 07:15:00","EDT","LONGIL",61762,1813.5
"04/03/2010 07:15:00","EDT","MHK VL",61756,643.2
"04/03/2010 07:15:00","EDT","MILLWD",61759,237.6
"04/03/2010 07:15:00","EDT","N.Y.C.",61761,4428.2
"04/03/2010 07:15:00","EDT","NORTH",61755,411.8
"04/03/2010 07:15:00","EDT","WEST",61752,1381.8
"04/03/2010 07:20:00","EDT","CAPITL",61757,893.9
"04/03/2010 07:20:00","EDT","CENTRL",61754,1420.6
"04/03/2010 07:20:00","EDT","DUNWOD",61760,384.2
"04/03/2010 07:20:00","EDT","GENESE",61753,804.2
"04/03/2010 07:20:00","EDT","HUD VL",61758,851.5
"04/03/2010 07:20:00","EDT","LONGIL",61762,1826.3
"04/03/2010 07:20:00","EDT","MHK VL",61756,642.7
"04/03/2010 07:20:00","EDT","MILLWD",61759,242.1
"04/03/2010 07:20:00","EDT","N.Y.C.",61761,4440.5
"04/03/2010 07:20:00","EDT","NORTH",61755,386.4
"04/03/2010 07:20:00","EDT","WEST",61752,1382.5
"04/03/2010 07:25:00","EDT","CAPITL",61757,894.9
"04/03/2010 07:25:00","EDT","CENTRL",61754,1430.9
"04/03/2010 07:25:00","EDT","DUNWOD",61760,380.4
"04/03/2010 07:25:00","EDT","GENESE",61753,805.1
"04/03/2010 07:25:00","EDT","HUD VL",61758,843.8
"04/03/2010 07:25:00","EDT","LONGIL",61762,1847.1
"04/03/2010 07:25:00","EDT","MHK VL",61756,635.5
"04/03/2010 07:25:00","EDT","MILLWD",61759,260.3
"04/03/2010 07:25:00","EDT","N.Y.C.",61761,4451.4
"04/03/2010 07:25:00","EDT","NORTH",61755,417.5
"04/03/2010 07:25:00","EDT","WEST",61752,1392.5
"04/03/2010 07:30:00","EDT","CAPITL",61757,904.4
"04/03/2010 07:30:00","EDT","CENTRL",61754,1449.7
"04/03/2010 07:30:00","EDT","DUNWOD",61760,394.9
"04/03/2010 07:30:00","EDT","GENESE",61753,813.8
"04/03/2010 07:30:00","EDT","HUD VL",61758,848
"04/03/2010 07:30:00","EDT","LONGIL",61762,1850.6
"04/03/2010 07:30:00","EDT","MHK VL",61756,644.2
"04/03/2010 07:30:00","EDT","MILLWD",61759,248.1
"04/03/2010 07:30:00","EDT","N.Y.C.",61761,4469.7
"04/03/2010 07:30:00","EDT","NORTH",61755,410.8
"04/03/2010 07:30:00","EDT","WEST",61752,1386.4
"04/03/2010 07:35:00","EDT","CAPITL",61757,915.4
"04/03/2010 07:35:00","EDT","CENTRL",61754,1454.2
"04/03/2010 07:35:00","EDT","DUNWOD",61760,378.6
"04/03/2010 07:35:00","EDT","GENESE",61753,806.7
"04/03/2010 07:35:00","EDT","HUD VL",61758,857
"04/03/2010 07:35:00","EDT","LONGIL",61762,1872.2
"04/03/2010 07:35:00","EDT","MHK VL",61756,651.8
"04/03/2010 07:35:00","EDT","MILLWD",61759,271.4
"04/03/2010 07:35:00","EDT","N.Y.C.",61761,4496.1
"04/03/2010 07:35:00","EDT","NORTH",61755,416.2
"04/03/2010 07:35:00","EDT","WEST",61752,1392.2
"04/03/2010 07:40:00","EDT","CAPITL",61757,919.1
"04/03/2010 07:40:00","EDT","CENTRL",61754,1457.4
"04/03/2010 07:40:00","EDT","DUNWOD",61760,382.7
"04/03/2010 07:40:00","EDT","GENESE",61753,819.2
"04/03/2010 07:40:00","EDT","HUD VL",61758,840.8
"04/03/2010 07:40:00","EDT","LONGIL",61762,1874.5
"04/03/2010 07:40:00","EDT","MHK VL",61756,653.6
"04/03/2010 07:40:00","EDT","MILLWD",61759,262.9
"04/03/2010 07:40:00","EDT","N.Y.C.",61761,4504.5
"04/03/2010 07:40:00","EDT","NORTH",61755,428.6
"04/03/2010 07:40:00","EDT","WEST",61752,1416.2
"04/03/2010 07:45:00","EDT","CAPITL",61757,919.6
"04/03/2010 07:45:00","EDT","CENTRL",61754,1477.5
"04/03/2010 07:45:00","EDT","DUNWOD",61760,389.5
"04/03/2010 07:45:00","EDT","GENESE",61753,833
"04/03/2010 07:45:00","EDT","HUD VL",61758,874.4
"04/03/2010 07:45:00","EDT","LONGIL",61762,1883
"04/03/2010 07:45:00","EDT","MHK VL",61756,657.8
"04/03/2010 07:45:00","EDT","MILLWD",61759,260.2
"04/03/2010 07:45:00","EDT","N.Y.C.",61761,4523.1
"04/03/2010 07:45:00","EDT","NORTH",61755,422.7
"04/03/2010 07:45:00","EDT","WEST",61752,1412.7
"04/03/2010 07:50:00","EDT","CAPITL",61757,942
"04/03/2010 07:50:00","EDT","CENTRL",61754,1481.5
"04/03/2010 07:50:00","EDT","DUNWOD",61760,402.3
"04/03/2010 07:50:00","EDT","GENESE",61753,836.3
"04/03/2010 07:50:00","EDT","HUD VL",61758,874.1
"04/03/2010 07:50:00","EDT","LONGIL",61762,1900.7
"04/03/2010 07:50:00","EDT","MHK VL",61756,664.3
"04/03/2010 07:50:00","EDT","MILLWD",61759,256.4
"04/03/2010 07:50:00","EDT","N.Y.C.",61761,4547.7
"04/03/2010 07:50:00","EDT","NORTH",61755,427.5
"04/03/2010 07:50:00","EDT","WEST",61752,1424.5
"04/03/2010 07:55:00","EDT","CAPITL",61757,945.1
"04/03/2010 07:55:00","EDT","CENTRL",61754,1508.3
"04/03/2010 07:55:00","EDT","DUNWOD",61760,408.2
"04/03/2010 07:55:00","EDT","GENESE",61753,840.9
"04/03/2010 07:55:00","EDT","HUD VL",61758,908.9
"04/03/2010 07:55:00","EDT","LONGIL",61762,1931.4
"04/03/2010 07:55:00","EDT","MHK VL",61756,662.2
"04/03/2010 07:55:00","EDT","MILLWD",61759,245.1
"04/03/2010 07:55:00","EDT","N.Y.C.",61761,4569
"04/03/2010 07:55:00","EDT","NORTH",61755,423.8
"04/03/2010 07:55:00","EDT","WEST",61752,1417.4
"04/03/2010 08:00:00","EDT","CAPITL",61757,952.9
"04/03/2010 08:00:00","EDT","CENTRL",61754,1462.9
"04/03/2010 08:00:00","EDT","DUNWOD",61760,392.5
"04/03/2010 08:00:00","EDT","GENESE",61753,857.6
"04/03/2010 08:00:00","EDT","HUD VL",61758,880.2
"04/03/2010 08:00:00","EDT","LONGIL",61762,1931.8
"04/03/2010 08:00:00","EDT","MHK VL",61756,673.2
"04/03/2010 08:00:00","EDT","MILLWD",61759,268.1
"04/03/2010 08:00:00","EDT","N.Y.C.",61761,4598.3
"04/03/2010 08:00:00","EDT","NORTH",61755,427.9
"04/03/2010 08:00:00","EDT","WEST",61752,1444.1
"04/03/2010 08:05:00","EDT","CAPITL",61757,974.6
"04/03/2010 08:05:00","EDT","CENTRL",61754,1469.4
"04/03/2010 08:05:00","EDT","DUNWOD",61760,411.4
"04/03/2010 08:05:00","EDT","GENESE",61753,868.8
"04/03/2010 08:05:00","EDT","HUD VL",61758,904.3
"04/03/2010 08:05:00","EDT","LONGIL",61762,1949.7
"04/03/2010 08:05:00","EDT","MHK VL",61756,684.1
"04/03/2010 08:05:00","EDT","MILLWD",61759,259.6
"04/03/2010 08:05:00","EDT","N.Y.C.",61761,4614
"04/03/2010 08:05:00","EDT","NORTH",61755,445.2
"04/03/2010 08:05:00","EDT","WEST",61752,1452.8
"04/03/2010 08:10:00","EDT","CAPITL",61757,986.7
"04/03/2010 08:10:00","EDT","CENTRL",61754,1473.5
"04/03/2010 08:10:00","EDT","DUNWOD",61760,414.8
"04/03/2010 08:10:00","EDT","GENESE",61753,870.9
"04/03/2010 08:10:00","EDT","HUD VL",61758,924.8
"04/03/2010 08:10:00","EDT","LONGIL",61762,1964.6
"04/03/2010 08:10:00","EDT","MHK VL",61756,695.5
"04/03/2010 08:10:00","EDT","MILLWD",61759,273
"04/03/2010 08:10:00","EDT","N.Y.C.",61761,4681.6
"04/03/2010 08:10:00","EDT","NORTH",61755,440.3
"04/03/2010 08:10:00","EDT","WEST",61752,1449.8
"04/03/2010 08:15:00","EDT","CAPITL",61757,983.8
"04/03/2010 08:15:00","EDT","CENTRL",61754,1493.6
"04/03/2010 08:15:00","EDT","DUNWOD",61760,437.9
"04/03/2010 08:15:00","EDT","GENESE",61753,875.7
"04/03/2010 08:15:00","EDT","HUD VL",61758,910.9
"04/03/2010 08:15:00","EDT","LONGIL",61762,1989.9
"04/03/2010 08:15:00","EDT","MHK VL",61756,719.4
"04/03/2010 08:15:00","EDT","MILLWD",61759,270.1
"04/03/2010 08:15:00","EDT","N.Y.C.",61761,4689.3
"04/03/2010 08:15:00","EDT","NORTH",61755,430.2
"04/03/2010 08:15:00","EDT","WEST",61752,1469.9
"04/03/2010 08:20:00","EDT","CAPITL",61757,1004.4
"04/03/2010 08:20:00","EDT","CENTRL",61754,1506.5
"04/03/2010 08:20:00","EDT","DUNWOD",61760,439.5
"04/03/2010 08:20:00","EDT","GENESE",61753,875.1
"04/03/2010 08:20:00","EDT","HUD VL",61758,926.9
"04/03/2010 08:20:00","EDT","LONGIL",61762,1993.5
"04/03/2010 08:20:00","EDT","MHK VL",61756,723.8
"04/03/2010 08:20:00","EDT","MILLWD",61759,255.5
"04/03/2010 08:20:00","EDT","N.Y.C.",61761,4715.9
"04/03/2010 08:20:00","EDT","NORTH",61755,442.2
"04/03/2010 08:20:00","EDT","WEST",61752,1474.2
"04/03/2010 08:25:00","EDT","CAPITL",61757,1014.4
"04/03/2010 08:25:00","EDT","CENTRL",61754,1495.5
"04/03/2010 08:25:00","EDT","DUNWOD",61760,436.9
"04/03/2010 08:25:00","EDT","GENESE",61753,890.1
"04/03/2010 08:25:00","EDT","HUD VL",61758,916
"04/03/2010 08:25:00","EDT","LONGIL",61762,2004.3
"04/03/2010 08:25:00","EDT","MHK VL",61756,730.2
"04/03/2010 08:25:00","EDT","MILLWD",61759,269.5
"04/03/2010 08:25:00","EDT","N.Y.C.",61761,4744.8
"04/03/2010 08:25:00","EDT","NORTH",61755,434.4
"04/03/2010 08:25:00","EDT","WEST",61752,1488.2
"04/03/2010 08:30:00","EDT","CAPITL",61757,1017.6
"04/03/2010 08:30:00","EDT","CENTRL",61754,1525
"04/03/2010 08:30:00","EDT","DUNWOD",61760,441.7
"04/03/2010 08:30:00","EDT","GENESE",61753,893
"04/03/2010 08:30:00","EDT","HUD VL",61758,910.3
"04/03/2010 08:30:00","EDT","LONGIL",61762,2012.1
"04/03/2010 08:30:00","EDT","MHK VL",61756,713.4
"04/03/2010 08:30:00","EDT","MILLWD",61759,269.5
"04/03/2010 08:30:00","EDT","N.Y.C.",61761,4753.4
"04/03/2010 08:30:00","EDT","NORTH",61755,446.4
"04/03/2010 08:30:00","EDT","WEST",61752,1499.6
"04/03/2010 08:35:00","EDT","CAPITL",61757,1028.2
"04/03/2010 08:35:00","EDT","CENTRL",61754,1523.2
"04/03/2010 08:35:00","EDT","DUNWOD",61760,448.5
"04/03/2010 08:35:00","EDT","GENESE",61753,900.6
"04/03/2010 08:35:00","EDT","HUD VL",61758,937.7
"04/03/2010 08:35:00","EDT","LONGIL",61762,2028.5
"04/03/2010 08:35:00","EDT","MHK VL",61756,737.2
"04/03/2010 08:35:00","EDT","MILLWD",61759,266.1
"04/03/2010 08:35:00","EDT","N.Y.C.",61761,4794.3
"04/03/2010 08:35:00","EDT","NORTH",61755,434.2
"04/03/2010 08:35:00","EDT","WEST",61752,1507.7
"04/03/2010 08:40:00","EDT","CAPITL",61757,1035.3
"04/03/2010 08:40:00","EDT","CENTRL",61754,1542.2
"04/03/2010 08:40:00","EDT","DUNWOD",61760,454.7
"04/03/2010 08:40:00","EDT","GENESE",61753,903.7
"04/03/2010 08:40:00","EDT","HUD VL",61758,955.4
"04/03/2010 08:40:00","EDT","LONGIL",61762,2040.8
"04/03/2010 08:40:00","EDT","MHK VL",61756,738.3
"04/03/2010 08:40:00","EDT","MILLWD",61759,267.4
"04/03/2010 08:40:00","EDT","N.Y.C.",61761,4796.8
"04/03/2010 08:40:00","EDT","NORTH",61755,443.2
"04/03/2010 08:40:00","EDT","WEST",61752,1496.8
"04/03/2010 08:45:00","EDT","CAPITL",61757,1033.6
"04/03/2010 08:45:00","EDT","CENTRL",61754,1544.6
"04/03/2010 08:45:00","EDT","DUNWOD",61760,437.6
"04/03/2010 08:45:00","EDT","GENESE",61753,913.3
"04/03/2010 08:45:00","EDT","HUD VL",61758,937.7
"04/03/2010 08:45:00","EDT","LONGIL",61762,2053.3
"04/03/2010 08:45:00","EDT","MHK VL",61756,737
"04/03/2010 08:45:00","EDT","MILLWD",61759,283.4
"04/03/2010 08:45:00","EDT","N.Y.C.",61761,4831.2
"04/03/2010 08:45:00","EDT","NORTH",61755,444.2
"04/03/2010 08:45:00","EDT","WEST",61752,1507.5
"04/03/2010 08:50:00","EDT","CAPITL",61757,1044.8
"04/03/2010 08:50:00","EDT","CENTRL",61754,1531.8
"04/03/2010 08:50:00","EDT","DUNWOD",61760,435.7
"04/03/2010 08:50:00","EDT","GENESE",61753,925.6
"04/03/2010 08:50:00","EDT","HUD VL",61758,954.6
"04/03/2010 08:50:00","EDT","LONGIL",61762,2062.3
"04/03/2010 08:50:00","EDT","MHK VL",61756,749.4
"04/03/2010 08:50:00","EDT","MILLWD",61759,277.9
"04/03/2010 08:50:00","EDT","N.Y.C.",61761,4895.1
"04/03/2010 08:50:00","EDT","NORTH",61755,434.9
"04/03/2010 08:50:00","EDT","WEST",61752,1518.8
"04/03/2010 08:55:00","EDT","CAPITL",61757,1049.9
"04/03/2010 08:55:00","EDT","CENTRL",61754,1555.7
"04/03/2010 08:55:00","EDT","DUNWOD",61760,437.9
"04/03/2010 08:55:00","EDT","GENESE",61753,922.8
"04/03/2010 08:55:00","EDT","HUD VL",61758,951.1
"04/03/2010 08:55:00","EDT","LONGIL",61762,2088.4
"04/03/2010 08:55:00","EDT","MHK VL",61756,767.7
"04/03/2010 08:55:00","EDT","MILLWD",61759,296.5
"04/03/2010 08:55:00","EDT","N.Y.C.",61761,4902.3
"04/03/2010 08:55:00","EDT","NORTH",61755,432.4
"04/03/2010 08:55:00","EDT","WEST",61752,1519.5
"04/03/2010 09:00:00","EDT","CAPITL",61757,1071.7
"04/03/2010 09:00:00","EDT","CENTRL",61754,1580
"04/03/2010 09:00:00","EDT","DUNWOD",61760,438
"04/03/2010 09:00:00","EDT","GENESE",61753,931.3
"04/03/2010 09:00:00","EDT","HUD VL",61758,970
"04/03/2010 09:00:00","EDT","LONGIL",61762,2103.3
"04/03/2010 09:00:00","EDT","MHK VL",61756,764.3
"04/03/2010 09:00:00","EDT","MILLWD",61759,287.3
"04/03/2010 09:00:00","EDT","N.Y.C.",61761,4956.5
"04/03/2010 09:00:00","EDT","NORTH",61755,442.1
"04/03/2010 09:00:00","EDT","WEST",61752,1526.9
"04/03/2010 09:05:00","EDT","CAPITL",61757,1086.4
"04/03/2010 09:05:00","EDT","CENTRL",61754,1573
"04/03/2010 09:05:00","EDT","DUNWOD",61760,446.3
"04/03/2010 09:05:00","EDT","GENESE",61753,939.8
"04/03/2010 09:05:00","EDT","HUD VL",61758,966.5
"04/03/2010 09:05:00","EDT","LONGIL",61762,2111.7
"04/03/2010 09:05:00","EDT","MHK VL",61756,766.7
"04/03/2010 09:05:00","EDT","MILLWD",61759,304.3
"04/03/2010 09:05:00","EDT","N.Y.C.",61761,4946.7
"04/03/2010 09:05:00","EDT","NORTH",61755,453.6
"04/03/2010 09:05:00","EDT","WEST",61752,1534.8
"04/03/2010 09:10:00","EDT","CAPITL",61757,1071.2
"04/03/2010 09:10:00","EDT","CENTRL",61754,1640.1
"04/03/2010 09:10:00","EDT","DUNWOD",61760,476.6
"04/03/2010 09:10:00","EDT","GENESE",61753,941.7
"04/03/2010 09:10:00","EDT","HUD VL",61758,980.3
"04/03/2010 09:10:00","EDT","LONGIL",61762,2121.8
"04/03/2010 09:10:00","EDT","MHK VL",61756,786.3
"04/03/2010 09:10:00","EDT","MILLWD",61759,275.8
"04/03/2010 09:10:00","EDT","N.Y.C.",61761,4977.8
"04/03/2010 09:10:00","EDT","NORTH",61755,448.9
"04/03/2010 09:10:00","EDT","WEST",61752,1549.7
"04/03/2010 09:15:00","EDT","CAPITL",61757,1068.5
"04/03/2010 09:15:00","EDT","CENTRL",61754,1632.6
"04/03/2010 09:15:00","EDT","DUNWOD",61760,481.5
"04/03/2010 09:15:00","EDT","GENESE",61753,951.5
"04/03/2010 09:15:00","EDT","HUD VL",61758,975.5
"04/03/2010 09:15:00","EDT","LONGIL",61762,2133.3
"04/03/2010 09:15:00","EDT","MHK VL",61756,798.6
"04/03/2010 09:15:00","EDT","MILLWD",61759,279.3
"04/03/2010 09:15:00","EDT","N.Y.C.",61761,4976.4
"04/03/2010 09:15:00","EDT","NORTH",61755,447.1
"04/03/2010 09:15:00","EDT","WEST",61752,1550.2
"04/03/2010 09:20:00","EDT","CAPITL",61757,1089.5
"04/03/2010 09:20:00","EDT","CENTRL",61754,1652.5
"04/03/2010 09:20:00","EDT","DUNWOD",61760,471.6
"04/03/2010 09:20:00","EDT","GENESE",61753,950
"04/03/2010 09:20:00","EDT","HUD VL",61758,980.7
"04/03/2010 09:20:00","EDT","LONGIL",61762,2122.9
"04/03/2010 09:20:00","EDT","MHK VL",61756,788.2
"04/03/2010 09:20:00","EDT","MILLWD",61759,300.1
"04/03/2010 09:20:00","EDT","N.Y.C.",61761,5026.2
"04/03/2010 09:20:00","EDT","NORTH",61755,446.2
"04/03/2010 09:20:00","EDT","WEST",61752,1543.6
"04/03/2010 09:25:00","EDT","CAPITL",61757,1080.7
"04/03/2010 09:25:00","EDT","CENTRL",61754,1644.6
"04/03/2010 09:25:00","EDT","DUNWOD",61760,485
"04/03/2010 09:25:00","EDT","GENESE",61753,949.3
"04/03/2010 09:25:00","EDT","HUD VL",61758,969.3
"04/03/2010 09:25:00","EDT","LONGIL",61762,2129.2
"04/03/2010 09:25:00","EDT","MHK VL",61756,799
"04/03/2010 09:25:00","EDT","MILLWD",61759,291.3
"04/03/2010 09:25:00","EDT","N.Y.C.",61761,5030.3
"04/03/2010 09:25:00","EDT","NORTH",61755,462.4
"04/03/2010 09:25:00","EDT","WEST",61752,1591.5
"04/03/2010 09:30:00","EDT","CAPITL",61757,1100
"04/03/2010 09:30:00","EDT","CENTRL",61754,1658.2
"04/03/2010 09:30:00","EDT","DUNWOD",61760,498.6
"04/03/2010 09:30:00","EDT","GENESE",61753,961.1
"04/03/2010 09:30:00","EDT","HUD VL",61758,993.9
"04/03/2010 09:30:00","EDT","LONGIL",61762,2143.6
"04/03/2010 09:30:00","EDT","MHK VL",61756,796.3
"04/03/2010 09:30:00","EDT","MILLWD",61759,276.4
"04/03/2010 09:30:00","EDT","N.Y.C.",61761,5051.8
"04/03/2010 09:30:00","EDT","NORTH",61755,444.4
"04/03/2010 09:30:00","EDT","WEST",61752,1535.7
"04/03/2010 09:35:00","EDT","CAPITL",61757,1099.4
"04/03/2010 09:35:00","EDT","CENTRL",61754,1652.3
"04/03/2010 09:35:00","EDT","DUNWOD",61760,495.4
"04/03/2010 09:35:00","EDT","GENESE",61753,973.3
"04/03/2010 09:35:00","EDT","HUD VL",61758,989
"04/03/2010 09:35:00","EDT","LONGIL",61762,2168.7
"04/03/2010 09:35:00","EDT","MHK VL",61756,799.6
"04/03/2010 09:35:00","EDT","MILLWD",61759,294.5
"04/03/2010 09:35:00","EDT","N.Y.C.",61761,5072.7
"04/03/2010 09:35:00","EDT","NORTH",61755,454.5
"04/03/2010 09:35:00","EDT","WEST",61752,1564.8
"04/03/2010 09:40:00","EDT","CAPITL",61757,1091
"04/03/2010 09:40:00","EDT","CENTRL",61754,1661.6
"04/03/2010 09:40:00","EDT","DUNWOD",61760,488.7
"04/03/2010 09:40:00","EDT","GENESE",61753,966.2
"04/03/2010 09:40:00","EDT","HUD VL",61758,1008.2
"04/03/2010 09:40:00","EDT","LONGIL",61762,2155.1
"04/03/2010 09:40:00","EDT","MHK VL",61756,804
"04/03/2010 09:40:00","EDT","MILLWD",61759,296.3
"04/03/2010 09:40:00","EDT","N.Y.C.",61761,5083.7
"04/03/2010 09:40:00","EDT","NORTH",61755,450.5
"04/03/2010 09:40:00","EDT","WEST",61752,1568.3
"04/03/2010 09:45:00","EDT","CAPITL",61757,1093.5
"04/03/2010 09:45:00","EDT","CENTRL",61754,1664.3
"04/03/2010 09:45:00","EDT","DUNWOD",61760,498.8
"04/03/2010 09:45:00","EDT","GENESE",61753,984.9
"04/03/2010 09:45:00","EDT","HUD VL",61758,1000.5
"04/03/2010 09:45:00","EDT","LONGIL",61762,2153.2
"04/03/2010 09:45:00","EDT","MHK VL",61756,796.6
"04/03/2010 09:45:00","EDT","MILLWD",61759,285.1
"04/03/2010 09:45:00","EDT","N.Y.C.",61761,5119.7
"04/03/2010 09:45:00","EDT","NORTH",61755,446.4
"04/03/2010 09:45:00","EDT","WEST",61752,1591.8
"04/03/2010 09:50:00","EDT","CAPITL",61757,1102.4
"04/03/2010 09:50:00","EDT","CENTRL",61754,1676.9
"04/03/2010 09:50:00","EDT","DUNWOD",61760,490.8
"04/03/2010 09:50:00","EDT","GENESE",61753,974.4
"04/03/2010 09:50:00","EDT","HUD VL",61758,1009.1
"04/03/2010 09:50:00","EDT","LONGIL",61762,2163.4
"04/03/2010 09:50:00","EDT","MHK VL",61756,798.7
"04/03/2010 09:50:00","EDT","MILLWD",61759,293.3
"04/03/2010 09:50:00","EDT","N.Y.C.",61761,5122.4
"04/03/2010 09:50:00","EDT","NORTH",61755,441.1
"04/03/2010 09:50:00","EDT","WEST",61752,1547.3
"04/03/2010 09:55:00","EDT","CAPITL",61757,1104.6
"04/03/2010 09:55:00","EDT","CENTRL",61754,1620.6
"04/03/2010 09:55:00","EDT","DUNWOD",61760,488.5
"04/03/2010 09:55:00","EDT","GENESE",61753,988.5
"04/03/2010 09:55:00","EDT","HUD VL",61758,1002.1
"04/03/2010 09:55:00","EDT","LONGIL",61762,2169.3
"04/03/2010 09:55:00","EDT","MHK VL",61756,802.9
"04/03/2010 09:55:00","EDT","MILLWD",61759,307.4
"04/03/2010 09:55:00","EDT","N.Y.C.",61761,5170.6
"04/03/2010 09:55:00","EDT","NORTH",61755,456
"04/03/2010 09:55:00","EDT","WEST",61752,1601.5
"04/03/2010 10:00:00","EDT","CAPITL",61757,1104
"04/03/2010 10:00:00","EDT","CENTRL",61754,1629.5
"04/03/2010 10:00:00","EDT","DUNWOD",61760,488.4
"04/03/2010 10:00:00","EDT","GENESE",61753,989
"04/03/2010 10:00:00","EDT","HUD VL",61758,1008.1
"04/03/2010 10:00:00","EDT","LONGIL",61762,2184.7
"04/03/2010 10:00:00","EDT","MHK VL",61756,792.9
"04/03/2010 10:00:00","EDT","MILLWD",61759,303.5
"04/03/2010 10:00:00","EDT","N.Y.C.",61761,5174.4
"04/03/2010 10:00:00","EDT","NORTH",61755,453.6
"04/03/2010 10:00:00","EDT","WEST",61752,1591.5
"04/03/2010 10:05:00","EDT","CAPITL",61757,1110.6
"04/03/2010 10:05:00","EDT","CENTRL",61754,1682.5
"04/03/2010 10:05:00","EDT","DUNWOD",61760,544.5
"04/03/2010 10:05:00","EDT","GENESE",61753,989.3
"04/03/2010 10:05:00","EDT","HUD VL",61758,1020.7
"04/03/2010 10:05:00","EDT","LONGIL",61762,2146.8
"04/03/2010 10:05:00","EDT","MHK VL",61756,785.8
"04/03/2010 10:05:00","EDT","MILLWD",61759,297.9
"04/03/2010 10:05:00","EDT","N.Y.C.",61761,5187.9
"04/03/2010 10:05:00","EDT","NORTH",61755,435.9
"04/03/2010 10:05:00","EDT","WEST",61752,1619.1
"04/03/2010 10:10:00","EDT","CAPITL",61757,1116.8
"04/03/2010 10:10:00","EDT","CENTRL",61754,1675.9
"04/03/2010 10:10:00","EDT","DUNWOD",61760,549.7
"04/03/2010 10:10:00","EDT","GENESE",61753,996.8
"04/03/2010 10:10:00","EDT","HUD VL",61758,1009.8
"04/03/2010 10:10:00","EDT","LONGIL",61762,2155.3
"04/03/2010 10:10:00","EDT","MHK VL",61756,775.7
"04/03/2010 10:10:00","EDT","MILLWD",61759,311.7
"04/03/2010 10:10:00","EDT","N.Y.C.",61761,5208.3
"04/03/2010 10:10:00","EDT","NORTH",61755,460.9
"04/03/2010 10:10:00","EDT","WEST",61752,1605
"04/03/2010 10:15:00","EDT","CAPITL",61757,1118.7
"04/03/2010 10:15:00","EDT","CENTRL",61754,1688.5
"04/03/2010 10:15:00","EDT","DUNWOD",61760,550.7
"04/03/2010 10:15:00","EDT","GENESE",61753,1004.6
"04/03/2010 10:15:00","EDT","HUD VL",61758,1028.8
"04/03/2010 10:15:00","EDT","LONGIL",61762,2162.9
"04/03/2010 10:15:00","EDT","MHK VL",61756,775.1
"04/03/2010 10:15:00","EDT","MILLWD",61759,296.9
"04/03/2010 10:15:00","EDT","N.Y.C.",61761,5226
"04/03/2010 10:15:00","EDT","NORTH",61755,463.7
"04/03/2010 10:15:00","EDT","WEST",61752,1628.1
"04/03/2010 10:20:00","EDT","CAPITL",61757,1119.1
"04/03/2010 10:20:00","EDT","CENTRL",61754,1691.8
"04/03/2010 10:20:00","EDT","DUNWOD",61760,540.3
"04/03/2010 10:20:00","EDT","GENESE",61753,1001.6
"04/03/2010 10:20:00","EDT","HUD VL",61758,1025
"04/03/2010 10:20:00","EDT","LONGIL",61762,2171.6
"04/03/2010 10:20:00","EDT","MHK VL",61756,779.3
"04/03/2010 10:20:00","EDT","MILLWD",61759,319
"04/03/2010 10:20:00","EDT","N.Y.C.",61761,5276.4
"04/03/2010 10:20:00","EDT","NORTH",61755,453.6
"04/03/2010 10:20:00","EDT","WEST",61752,1605.1
"04/03/2010 10:25:00","EDT","CAPITL",61757,1124.8
"04/03/2010 10:25:00","EDT","CENTRL",61754,1684
"04/03/2010 10:25:00","EDT","DUNWOD",61760,557.1
"04/03/2010 10:25:00","EDT","GENESE",61753,1008.2
"04/03/2010 10:25:00","EDT","HUD VL",61758,1015.6
"04/03/2010 10:25:00","EDT","LONGIL",61762,2182.3
"04/03/2010 10:25:00","EDT","MHK VL",61756,778.1
"04/03/2010 10:25:00","EDT","MILLWD",61759,302.6
"04/03/2010 10:25:00","EDT","N.Y.C.",61761,5272.6
"04/03/2010 10:25:00","EDT","NORTH",61755,460.5
"04/03/2010 10:25:00","EDT","WEST",61752,1631.2
"04/03/2010 10:30:00","EDT","CAPITL",61757,1118.6
"04/03/2010 10:30:00","EDT","CENTRL",61754,1695.7
"04/03/2010 10:30:00","EDT","DUNWOD",61760,538
"04/03/2010 10:30:00","EDT","GENESE",61753,1009.4
"04/03/2010 10:30:00","EDT","HUD VL",61758,1026.9
"04/03/2010 10:30:00","EDT","LONGIL",61762,2184.9
"04/03/2010 10:30:00","EDT","MHK VL",61756,773.6
"04/03/2010 10:30:00","EDT","MILLWD",61759,309.1
"04/03/2010 10:30:00","EDT","N.Y.C.",61761,5281
"04/03/2010 10:30:00","EDT","NORTH",61755,454.4
"04/03/2010 10:30:00","EDT","WEST",61752,1606.9
"04/03/2010 10:35:00","EDT","CAPITL",61757,1121.8
"04/03/2010 10:35:00","EDT","CENTRL",61754,1694.6
"04/03/2010 10:35:00","EDT","DUNWOD",61760,536.4
"04/03/2010 10:35:00","EDT","GENESE",61753,1011.1
"04/03/2010 10:35:00","EDT","HUD VL",61758,1027.9
"04/03/2010 10:35:00","EDT","LONGIL",61762,2186.2
"04/03/2010 10:35:00","EDT","MHK VL",61756,774.5
"04/03/2010 10:35:00","EDT","MILLWD",61759,322.1
"04/03/2010 10:35:00","EDT","N.Y.C.",61761,5293.2
"04/03/2010 10:35:00","EDT","NORTH",61755,453.3
"04/03/2010 10:35:00","EDT","WEST",61752,1613.1
"04/03/2010 10:40:00","EDT","CAPITL",61757,1119.4
"04/03/2010 10:40:00","EDT","CENTRL",61754,1693.8
"04/03/2010 10:40:00","EDT","DUNWOD",61760,576.4
"04/03/2010 10:40:00","EDT","GENESE",61753,1008.1
"04/03/2010 10:40:00","EDT","HUD VL",61758,1035.7
"04/03/2010 10:40:00","EDT","LONGIL",61762,2191.1
"04/03/2010 10:40:00","EDT","MHK VL",61756,763.8
"04/03/2010 10:40:00","EDT","MILLWD",61759,282.4
"04/03/2010 10:40:00","EDT","N.Y.C.",61761,5278.9
"04/03/2010 10:40:00","EDT","NORTH",61755,450.2
"04/03/2010 10:40:00","EDT","WEST",61752,1591.1
"04/03/2010 10:45:00","EDT","CAPITL",61757,1125.9
"04/03/2010 10:45:00","EDT","CENTRL",61754,1642
"04/03/2010 10:45:00","EDT","DUNWOD",61760,559
"04/03/2010 10:45:00","EDT","GENESE",61753,1012.2
"04/03/2010 10:45:00","EDT","HUD VL",61758,1021.8
"04/03/2010 10:45:00","EDT","LONGIL",61762,2186.9
"04/03/2010 10:45:00","EDT","MHK VL",61756,772.4
"04/03/2010 10:45:00","EDT","MILLWD",61759,304.2
"04/03/2010 10:45:00","EDT","N.Y.C.",61761,5281.9
"04/03/2010 10:45:00","EDT","NORTH",61755,457.9
"04/03/2010 10:45:00","EDT","WEST",61752,1611.4
"04/03/2010 10:50:00","EDT","CAPITL",61757,1120.3
"04/03/2010 10:50:00","EDT","CENTRL",61754,1647.6
"04/03/2010 10:50:00","EDT","DUNWOD",61760,539.2
"04/03/2010 10:50:00","EDT","GENESE",61753,1013.4
"04/03/2010 10:50:00","EDT","HUD VL",61758,1027.7
"04/03/2010 10:50:00","EDT","LONGIL",61762,2204.4
"04/03/2010 10:50:00","EDT","MHK VL",61756,776.9
"04/03/2010 10:50:00","EDT","MILLWD",61759,306.1
"04/03/2010 10:50:00","EDT","N.Y.C.",61761,5323.7
"04/03/2010 10:50:00","EDT","NORTH",61755,448.4
"04/03/2010 10:50:00","EDT","WEST",61752,1608.8
"04/03/2010 10:55:00","EDT","CAPITL",61757,1116.7
"04/03/2010 10:55:00","EDT","CENTRL",61754,1651.6
"04/03/2010 10:55:00","EDT","DUNWOD",61760,547.6
"04/03/2010 10:55:00","EDT","GENESE",61753,1019
"04/03/2010 10:55:00","EDT","HUD VL",61758,1022.5
"04/03/2010 10:55:00","EDT","LONGIL",61762,2210.3
"04/03/2010 10:55:00","EDT","MHK VL",61756,772.1
"04/03/2010 10:55:00","EDT","MILLWD",61759,313.6
"04/03/2010 10:55:00","EDT","N.Y.C.",61761,5316.5
"04/03/2010 10:55:00","EDT","NORTH",61755,458.3
"04/03/2010 10:55:00","EDT","WEST",61752,1630.1
"04/03/2010 11:00:00","EDT","CAPITL",61757,1124.9
"04/03/2010 11:00:00","EDT","CENTRL",61754,1701.3
"04/03/2010 11:00:00","EDT","DUNWOD",61760,558.2
"04/03/2010 11:00:00","EDT","GENESE",61753,1018.2
"04/03/2010 11:00:00","EDT","HUD VL",61758,1030.4
"04/03/2010 11:00:00","EDT","LONGIL",61762,2197.1
"04/03/2010 11:00:00","EDT","MHK VL",61756,770.4
"04/03/2010 11:00:00","EDT","MILLWD",61759,306
"04/03/2010 11:00:00","EDT","N.Y.C.",61761,5334.5
"04/03/2010 11:00:00","EDT","NORTH",61755,447.8
"04/03/2010 11:00:00","EDT","WEST",61752,1615.5
"04/03/2010 11:05:00","EDT","CAPITL",61757,1107.8
"04/03/2010 11:05:00","EDT","CENTRL",61754,1676.5
"04/03/2010 11:05:00","EDT","DUNWOD",61760,531.6
"04/03/2010 11:05:00","EDT","GENESE",61753,1023.5
"04/03/2010 11:05:00","EDT","HUD VL",61758,1037.9
"04/03/2010 11:05:00","EDT","LONGIL",61762,2200.3
"04/03/2010 11:05:00","EDT","MHK VL",61756,774.2
"04/03/2010 11:05:00","EDT","MILLWD",61759,310.5
"04/03/2010 11:05:00","EDT","N.Y.C.",61761,5369.6
"04/03/2010 11:05:00","EDT","NORTH",61755,458.5
"04/03/2010 11:05:00","EDT","WEST",61752,1639.6
"04/03/2010 11:10:00","EDT","CAPITL",61757,1125.5
"04/03/2010 11:10:00","EDT","CENTRL",61754,1656.9
"04/03/2010 11:10:00","EDT","DUNWOD",61760,544.8
"04/03/2010 11:10:00","EDT","GENESE",61753,1026.8
"04/03/2010 11:10:00","EDT","HUD VL",61758,1018.7
"04/03/2010 11:10:00","EDT","LONGIL",61762,2198.5
"04/03/2010 11:10:00","EDT","MHK VL",61756,784.1
"04/03/2010 11:10:00","EDT","MILLWD",61759,326.6
"04/03/2010 11:10:00","EDT","N.Y.C.",61761,5360.1
"04/03/2010 11:10:00","EDT","NORTH",61755,448.2
"04/03/2010 11:10:00","EDT","WEST",61752,1615.9
"04/03/2010 11:15:00","EDT","CAPITL",61757,1120.6
"04/03/2010 11:15:00","EDT","CENTRL",61754,1693.2
"04/03/2010 11:15:00","EDT","DUNWOD",61760,539.9
"04/03/2010 11:15:00","EDT","GENESE",61753,1026.3
"04/03/2010 11:15:00","EDT","HUD VL",61758,1020.9
"04/03/2010 11:15:00","EDT","LONGIL",61762,2201
"04/03/2010 11:15:00","EDT","MHK VL",61756,772.2
"04/03/2010 11:15:00","EDT","MILLWD",61759,325.9
"04/03/2010 11:15:00","EDT","N.Y.C.",61761,5369.8
"04/03/2010 11:15:00","EDT","NORTH",61755,449.1
"04/03/2010 11:15:00","EDT","WEST",61752,1631.9
"04/03/2010 11:20:00","EDT","CAPITL",61757,1117.4
"04/03/2010 11:20:00","EDT","CENTRL",61754,1699.4
"04/03/2010 11:20:00","EDT","DUNWOD",61760,546.4
"04/03/2010 11:20:00","EDT","GENESE",61753,1028.5
"04/03/2010 11:20:00","EDT","HUD VL",61758,1034.3
"04/03/2010 11:20:00","EDT","LONGIL",61762,2211.2
"04/03/2010 11:20:00","EDT","MHK VL",61756,771.8
"04/03/2010 11:20:00","EDT","MILLWD",61759,306.9
"04/03/2010 11:20:00","EDT","N.Y.C.",61761,5392.4
"04/03/2010 11:20:00","EDT","NORTH",61755,451.6
"04/03/2010 11:20:00","EDT","WEST",61752,1611.8
"04/03/2010 11:25:00","EDT","CAPITL",61757,1118.7
"04/03/2010 11:25:00","EDT","CENTRL",61754,1700.3
"04/03/2010 11:25:00","EDT","DUNWOD",61760,555
"04/03/2010 11:25:00","EDT","GENESE",61753,1032.4
"04/03/2010 11:25:00","EDT","HUD VL",61758,1031.4
"04/03/2010 11:25:00","EDT","LONGIL",61762,2189.4
"04/03/2010 11:25:00","EDT","MHK VL",61756,784.9
"04/03/2010 11:25:00","EDT","MILLWD",61759,299.1
"04/03/2010 11:25:00","EDT","N.Y.C.",61761,5393.2
"04/03/2010 11:25:00","EDT","NORTH",61755,446.9
"04/03/2010 11:25:00","EDT","WEST",61752,1620.5
"04/03/2010 11:30:00","EDT","CAPITL",61757,1121
"04/03/2010 11:30:00","EDT","CENTRL",61754,1706.5
"04/03/2010 11:30:00","EDT","DUNWOD",61760,550.5
"04/03/2010 11:30:00","EDT","GENESE",61753,1032.4
"04/03/2010 11:30:00","EDT","HUD VL",61758,1028.5
"04/03/2010 11:30:00","EDT","LONGIL",61762,2214.4
"04/03/2010 11:30:00","EDT","MHK VL",61756,783.7
"04/03/2010 11:30:00","EDT","MILLWD",61759,306.2
"04/03/2010 11:30:00","EDT","N.Y.C.",61761,5370.9
"04/03/2010 11:30:00","EDT","NORTH",61755,454.3
"04/03/2010 11:30:00","EDT","WEST",61752,1639.9
"04/03/2010 11:35:00","EDT","CAPITL",61757,1111.9
"04/03/2010 11:35:00","EDT","CENTRL",61754,1710.3
"04/03/2010 11:35:00","EDT","DUNWOD",61760,557.3
"04/03/2010 11:35:00","EDT","GENESE",61753,1035.3
"04/03/2010 11:35:00","EDT","HUD VL",61758,1035
"04/03/2010 11:35:00","EDT","LONGIL",61762,2206.4
"04/03/2010 11:35:00","EDT","MHK VL",61756,785.8
"04/03/2010 11:35:00","EDT","MILLWD",61759,300.3
"04/03/2010 11:35:00","EDT","N.Y.C.",61761,5399.8
"04/03/2010 11:35:00","EDT","NORTH",61755,452.1
"04/03/2010 11:35:00","EDT","WEST",61752,1642.5
"04/03/2010 11:40:00","EDT","CAPITL",61757,1117.9
"04/03/2010 11:40:00","EDT","CENTRL",61754,1708.8
"04/03/2010 11:40:00","EDT","DUNWOD",61760,571.7
"04/03/2010 11:40:00","EDT","GENESE",61753,1040
"04/03/2010 11:40:00","EDT","HUD VL",61758,1047
"04/03/2010 11:40:00","EDT","LONGIL",61762,2202.5
"04/03/2010 11:40:00","EDT","MHK VL",61756,780.1
"04/03/2010 11:40:00","EDT","MILLWD",61759,297.5
"04/03/2010 11:40:00","EDT","N.Y.C.",61761,5384.2
"04/03/2010 11:40:00","EDT","NORTH",61755,443.6
"04/03/2010 11:40:00","EDT","WEST",61752,1630.9
"04/03/2010 11:45:00","EDT","CAPITL",61757,1120.8
"04/03/2010 11:45:00","EDT","CENTRL",61754,1675.9
"04/03/2010 11:45:00","EDT","DUNWOD",61760,566.6
"04/03/2010 11:45:00","EDT","GENESE",61753,1040.5
"04/03/2010 11:45:00","EDT","HUD VL",61758,1070.9
"04/03/2010 11:45:00","EDT","LONGIL",61762,2187.2
"04/03/2010 11:45:00","EDT","MHK VL",61756,779.2
"04/03/2010 11:45:00","EDT","MILLWD",61759,289.4
"04/03/2010 11:45:00","EDT","N.Y.C.",61761,5408.6
"04/03/2010 11:45:00","EDT","NORTH",61755,448
"04/03/2010 11:45:00","EDT","WEST",61752,1644.2
"04/03/2010 11:50:00","EDT","CAPITL",61757,1120.5
"04/03/2010 11:50:00","EDT","CENTRL",61754,1655.3
"04/03/2010 11:50:00","EDT","DUNWOD",61760,574.7
"04/03/2010 11:50:00","EDT","GENESE",61753,1052.2
"04/03/2010 11:50:00","EDT","HUD VL",61758,1041.9
"04/03/2010 11:50:00","EDT","LONGIL",61762,2202.7
"04/03/2010 11:50:00","EDT","MHK VL",61756,776.7
"04/03/2010 11:50:00","EDT","MILLWD",61759,289.2
"04/03/2010 11:50:00","EDT","N.Y.C.",61761,5389.4
"04/03/2010 11:50:00","EDT","NORTH",61755,450.4
"04/03/2010 11:50:00","EDT","WEST",61752,1642.6
"04/03/2010 11:55:00","EDT","CAPITL",61757,1116
"04/03/2010 11:55:00","EDT","CENTRL",61754,1661.5
"04/03/2010 11:55:00","EDT","DUNWOD",61760,552.7
"04/03/2010 11:55:00","EDT","GENESE",61753,1043.4
"04/03/2010 11:55:00","EDT","HUD VL",61758,1047.1
"04/03/2010 11:55:00","EDT","LONGIL",61762,2218.3
"04/03/2010 11:55:00","EDT","MHK VL",61756,778
"04/03/2010 11:55:00","EDT","MILLWD",61759,306.5
"04/03/2010 11:55:00","EDT","N.Y.C.",61761,5396.8
"04/03/2010 11:55:00","EDT","NORTH",61755,441.5
"04/03/2010 11:55:00","EDT","WEST",61752,1630.9
"04/03/2010 12:00:00","EDT","CAPITL",61757,1124.1
"04/03/2010 12:00:00","EDT","CENTRL",61754,1695.3
"04/03/2010 12:00:00","EDT","DUNWOD",61760,565.7
"04/03/2010 12:00:00","EDT","GENESE",61753,1049.9
"04/03/2010 12:00:00","EDT","HUD VL",61758,1037.8
"04/03/2010 12:00:00","EDT","LONGIL",61762,2205.7
"04/03/2010 12:00:00","EDT","MHK VL",61756,778.9
"04/03/2010 12:00:00","EDT","MILLWD",61759,304
"04/03/2010 12:00:00","EDT","N.Y.C.",61761,5419.1
"04/03/2010 12:00:00","EDT","NORTH",61755,449.3
"04/03/2010 12:00:00","EDT","WEST",61752,1626.2
"04/03/2010 12:05:00","EDT","CAPITL",61757,1109.6
"04/03/2010 12:05:00","EDT","CENTRL",61754,1664.5
"04/03/2010 12:05:00","EDT","DUNWOD",61760,517.1
"04/03/2010 12:05:00","EDT","GENESE",61753,1048.9
"04/03/2010 12:05:00","EDT","HUD VL",61758,1037.9
"04/03/2010 12:05:00","EDT","LONGIL",61762,2188.9
"04/03/2010 12:05:00","EDT","MHK VL",61756,780.1
"04/03/2010 12:05:00","EDT","MILLWD",61759,346.3
"04/03/2010 12:05:00","EDT","N.Y.C.",61761,5424.8
"04/03/2010 12:05:00","EDT","NORTH",61755,442.9
"04/03/2010 12:05:00","EDT","WEST",61752,1632.4
"04/03/2010 12:10:00","EDT","CAPITL",61757,1115.6
"04/03/2010 12:10:00","EDT","CENTRL",61754,1713
"04/03/2010 12:10:00","EDT","DUNWOD",61760,569.6
"04/03/2010 12:10:00","EDT","GENESE",61753,1051.5
"04/03/2010 12:10:00","EDT","HUD VL",61758,1036
"04/03/2010 12:10:00","EDT","LONGIL",61762,2195.5
"04/03/2010 12:10:00","EDT","MHK VL",61756,771.2
"04/03/2010 12:10:00","EDT","MILLWD",61759,302.2
"04/03/2010 12:10:00","EDT","N.Y.C.",61761,5407.4
"04/03/2010 12:10:00","EDT","NORTH",61755,450.5
"04/03/2010 12:10:00","EDT","WEST",61752,1639
"04/03/2010 12:15:00","EDT","CAPITL",61757,1114.8
"04/03/2010 12:15:00","EDT","CENTRL",61754,1699.4
"04/03/2010 12:15:00","EDT","DUNWOD",61760,560.7
"04/03/2010 12:15:00","EDT","GENESE",61753,1050.9
"04/03/2010 12:15:00","EDT","HUD VL",61758,1026.4
"04/03/2010 12:15:00","EDT","LONGIL",61762,2183.7
"04/03/2010 12:15:00","EDT","MHK VL",61756,783.8
"04/03/2010 12:15:00","EDT","MILLWD",61759,310.5
"04/03/2010 12:15:00","EDT","N.Y.C.",61761,5401.7
"04/03/2010 12:15:00","EDT","NORTH",61755,448
"04/03/2010 12:15:00","EDT","WEST",61752,1657.3
"04/03/2010 12:20:00","EDT","CAPITL",61757,1101.7
"04/03/2010 12:20:00","EDT","CENTRL",61754,1658.5
"04/03/2010 12:20:00","EDT","DUNWOD",61760,540.6
"04/03/2010 12:20:00","EDT","GENESE",61753,1054.6
"04/03/2010 12:20:00","EDT","HUD VL",61758,1025.2
"04/03/2010 12:20:00","EDT","LONGIL",61762,2195.5
"04/03/2010 12:20:00","EDT","MHK VL",61756,774
"04/03/2010 12:20:00","EDT","MILLWD",61759,326.2
"04/03/2010 12:20:00","EDT","N.Y.C.",61761,5443.7
"04/03/2010 12:20:00","EDT","NORTH",61755,450.2
"04/03/2010 12:20:00","EDT","WEST",61752,1646
"04/03/2010 12:25:00","EDT","CAPITL",61757,1104.9
"04/03/2010 12:25:00","EDT","CENTRL",61754,1696.2
"04/03/2010 12:25:00","EDT","DUNWOD",61760,543
"04/03/2010 12:25:00","EDT","GENESE",61753,1056.7
"04/03/2010 12:25:00","EDT","HUD VL",61758,1025.3
"04/03/2010 12:25:00","EDT","LONGIL",61762,2196.7
"04/03/2010 12:25:00","EDT","MHK VL",61756,785
"04/03/2010 12:25:00","EDT","MILLWD",61759,313.6
"04/03/2010 12:25:00","EDT","N.Y.C.",61761,5434.8
"04/03/2010 12:25:00","EDT","NORTH",61755,449.3
"04/03/2010 12:25:00","EDT","WEST",61752,1645.5
"04/03/2010 12:30:00","EDT","CAPITL",61757,1102.7
"04/03/2010 12:30:00","EDT","CENTRL",61754,1696.4
"04/03/2010 12:30:00","EDT","DUNWOD",61760,548.6
"04/03/2010 12:30:00","EDT","GENESE",61753,1053.7
"04/03/2010 12:30:00","EDT","HUD VL",61758,1033.6
"04/03/2010 12:30:00","EDT","LONGIL",61762,2197.8
"04/03/2010 12:30:00","EDT","MHK VL",61756,779
"04/03/2010 12:30:00","EDT","MILLWD",61759,306.5
"04/03/2010 12:30:00","EDT","N.Y.C.",61761,5421.3
"04/03/2010 12:30:00","EDT","NORTH",61755,447.7
"04/03/2010 12:30:00","EDT","WEST",61752,1643.6
"04/03/2010 12:35:00","EDT","CAPITL",61757,1104.1
"04/03/2010 12:35:00","EDT","CENTRL",61754,1697.1
"04/03/2010 12:35:00","EDT","DUNWOD",61760,546.4
"04/03/2010 12:35:00","EDT","GENESE",61753,1059.5
"04/03/2010 12:35:00","EDT","HUD VL",61758,1034.5
"04/03/2010 12:35:00","EDT","LONGIL",61762,2191
"04/03/2010 12:35:00","EDT","MHK VL",61756,780.7
"04/03/2010 12:35:00","EDT","MILLWD",61759,311.9
"04/03/2010 12:35:00","EDT","N.Y.C.",61761,5423
"04/03/2010 12:35:00","EDT","NORTH",61755,442.9
"04/03/2010 12:35:00","EDT","WEST",61752,1649.4
"04/03/2010 12:40:00","EDT","CAPITL",61757,1103.3
"04/03/2010 12:40:00","EDT","CENTRL",61754,1712.8
"04/03/2010 12:40:00","EDT","DUNWOD",61760,549.8
"04/03/2010 12:40:00","EDT","GENESE",61753,1053.9
"04/03/2010 12:40:00","EDT","HUD VL",61758,1041.3
"04/03/2010 12:40:00","EDT","LONGIL",61762,2185.5
"04/03/2010 12:40:00","EDT","MHK VL",61756,771.7
"04/03/2010 12:40:00","EDT","MILLWD",61759,314.8
"04/03/2010 12:40:00","EDT","N.Y.C.",61761,5449.7
"04/03/2010 12:40:00","EDT","NORTH",61755,444.5
"04/03/2010 12:40:00","EDT","WEST",61752,1644
"04/03/2010 12:45:00","EDT","CAPITL",61757,1106.9
"04/03/2010 12:45:00","EDT","CENTRL",61754,1706.8
"04/03/2010 12:45:00","EDT","DUNWOD",61760,536.6
"04/03/2010 12:45:00","EDT","GENESE",61753,1059.9
"04/03/2010 12:45:00","EDT","HUD VL",61758,1037.1
"04/03/2010 12:45:00","EDT","LONGIL",61762,2195.1
"04/03/2010 12:45:00","EDT","MHK VL",61756,779.6
"04/03/2010 12:45:00","EDT","MILLWD",61759,308.6
"04/03/2010 12:45:00","EDT","N.Y.C.",61761,5433.3
"04/03/2010 12:45:00","EDT","NORTH",61755,437.8
"04/03/2010 12:45:00","EDT","WEST",61752,1646.9
"04/03/2010 12:50:00","EDT","CAPITL",61757,1102.1
"04/03/2010 12:50:00","EDT","CENTRL",61754,1654.3
"04/03/2010 12:50:00","EDT","DUNWOD",61760,557.3
"04/03/2010 12:50:00","EDT","GENESE",61753,1064.2
"04/03/2010 12:50:00","EDT","HUD VL",61758,1040
"04/03/2010 12:50:00","EDT","LONGIL",61762,2179.6
"04/03/2010 12:50:00","EDT","MHK VL",61756,768.5
"04/03/2010 12:50:00","EDT","MILLWD",61759,292.9
"04/03/2010 12:50:00","EDT","N.Y.C.",61761,5419.8
"04/03/2010 12:50:00","EDT","NORTH",61755,446.1
"04/03/2010 12:50:00","EDT","WEST",61752,1646.5
"04/03/2010 12:55:00","EDT","CAPITL",61757,1097.1
"04/03/2010 12:55:00","EDT","CENTRL",61754,1659.8
"04/03/2010 12:55:00","EDT","DUNWOD",61760,560.8
"04/03/2010 12:55:00","EDT","GENESE",61753,1060.5
"04/03/2010 12:55:00","EDT","HUD VL",61758,1036.3
"04/03/2010 12:55:00","EDT","LONGIL",61762,2177.4
"04/03/2010 12:55:00","EDT","MHK VL",61756,770
"04/03/2010 12:55:00","EDT","MILLWD",61759,294.4
"04/03/2010 12:55:00","EDT","N.Y.C.",61761,5408.6
"04/03/2010 12:55:00","EDT","NORTH",61755,447.3
"04/03/2010 12:55:00","EDT","WEST",61752,1646.1
"04/03/2010 13:00:00","EDT","CAPITL",61757,1092.6
"04/03/2010 13:00:00","EDT","CENTRL",61754,1700.5
"04/03/2010 13:00:00","EDT","DUNWOD",61760,562.8
"04/03/2010 13:00:00","EDT","GENESE",61753,1052.3
"04/03/2010 13:00:00","EDT","HUD VL",61758,1045
"04/03/2010 13:00:00","EDT","LONGIL",61762,2171.9
"04/03/2010 13:00:00","EDT","MHK VL",61756,773.3
"04/03/2010 13:00:00","EDT","MILLWD",61759,289.8
"04/03/2010 13:00:00","EDT","N.Y.C.",61761,5422.3
"04/03/2010 13:00:00","EDT","NORTH",61755,436.3
"04/03/2010 13:00:00","EDT","WEST",61752,1630.2
"04/03/2010 13:05:00","EDT","CAPITL",61757,1099.6
"04/03/2010 13:05:00","EDT","CENTRL",61754,1655.1
"04/03/2010 13:05:00","EDT","DUNWOD",61760,545.9
"04/03/2010 13:05:00","EDT","GENESE",61753,1055.7
"04/03/2010 13:05:00","EDT","HUD VL",61758,1026.4
"04/03/2010 13:05:00","EDT","LONGIL",61762,2194.3
"04/03/2010 13:05:00","EDT","MHK VL",61756,758.8
"04/03/2010 13:05:00","EDT","MILLWD",61759,309.6
"04/03/2010 13:05:00","EDT","N.Y.C.",61761,5410.8
"04/03/2010 13:05:00","EDT","NORTH",61755,450.8
"04/03/2010 13:05:00","EDT","WEST",61752,1637.3
"04/03/2010 13:10:00","EDT","CAPITL",61757,1088
"04/03/2010 13:10:00","EDT","CENTRL",61754,1693
"04/03/2010 13:10:00","EDT","DUNWOD",61760,559.5
"04/03/2010 13:10:00","EDT","GENESE",61753,1054.1
"04/03/2010 13:10:00","EDT","HUD VL",61758,1038.4
"04/03/2010 13:10:00","EDT","LONGIL",61762,2163.9
"04/03/2010 13:10:00","EDT","MHK VL",61756,755.5
"04/03/2010 13:10:00","EDT","MILLWD",61759,303.3
"04/03/2010 13:10:00","EDT","N.Y.C.",61761,5413.6
"04/03/2010 13:10:00","EDT","NORTH",61755,442.4
"04/03/2010 13:10:00","EDT","WEST",61752,1643.2
"04/03/2010 13:15:00","EDT","CAPITL",61757,1091.1
"04/03/2010 13:15:00","EDT","CENTRL",61754,1698
"04/03/2010 13:15:00","EDT","DUNWOD",61760,552.8
"04/03/2010 13:15:00","EDT","GENESE",61753,1053.9
"04/03/2010 13:15:00","EDT","HUD VL",61758,1024.3
"04/03/2010 13:15:00","EDT","LONGIL",61762,2160.2
"04/03/2010 13:15:00","EDT","MHK VL",61756,743.6
"04/03/2010 13:15:00","EDT","MILLWD",61759,305.9
"04/03/2010 13:15:00","EDT","N.Y.C.",61761,5407.3
"04/03/2010 13:15:00","EDT","NORTH",61755,437.6
"04/03/2010 13:15:00","EDT","WEST",61752,1631.2
"04/03/2010 13:20:00","EDT","CAPITL",61757,1096.9
"04/03/2010 13:20:00","EDT","CENTRL",61754,1650.1
"04/03/2010 13:20:00","EDT","DUNWOD",61760,556
"04/03/2010 13:20:00","EDT","GENESE",61753,1051.9
"04/03/2010 13:20:00","EDT","HUD VL",61758,1025
"04/03/2010 13:20:00","EDT","LONGIL",61762,2167.9
"04/03/2010 13:20:00","EDT","MHK VL",61756,750.1
"04/03/2010 13:20:00","EDT","MILLWD",61759,298.2
"04/03/2010 13:20:00","EDT","N.Y.C.",61761,5391.6
"04/03/2010 13:20:00","EDT","NORTH",61755,432.9
"04/03/2010 13:20:00","EDT","WEST",61752,1630.7
"04/03/2010 13:25:00","EDT","CAPITL",61757,1083
"04/03/2010 13:25:00","EDT","CENTRL",61754,1695.8
"04/03/2010 13:25:00","EDT","DUNWOD",61760,565
"04/03/2010 13:25:00","EDT","GENESE",61753,1055.1
"04/03/2010 13:25:00","EDT","HUD VL",61758,1023
"04/03/2010 13:25:00","EDT","LONGIL",61762,2163.9
"04/03/2010 13:25:00","EDT","MHK VL",61756,750.7
"04/03/2010 13:25:00","EDT","MILLWD",61759,290.4
"04/03/2010 13:25:00","EDT","N.Y.C.",61761,5389.7
"04/03/2010 13:25:00","EDT","NORTH",61755,445.4
"04/03/2010 13:25:00","EDT","WEST",61752,1636.5
"04/03/2010 13:30:00","EDT","CAPITL",61757,1068
"04/03/2010 13:30:00","EDT","CENTRL",61754,1693.8
"04/03/2010 13:30:00","EDT","DUNWOD",61760,558.6
"04/03/2010 13:30:00","EDT","GENESE",61753,1055.2
"04/03/2010 13:30:00","EDT","HUD VL",61758,1034.1
"04/03/2010 13:30:00","EDT","LONGIL",61762,2160.5
"04/03/2010 13:30:00","EDT","MHK VL",61756,746.9
"04/03/2010 13:30:00","EDT","MILLWD",61759,295.7
"04/03/2010 13:30:00","EDT","N.Y.C.",61761,5361.8
"04/03/2010 13:30:00","EDT","NORTH",61755,446.4
"04/03/2010 13:30:00","EDT","WEST",61752,1652
"04/03/2010 13:35:00","EDT","CAPITL",61757,1082.7
"04/03/2010 13:35:00","EDT","CENTRL",61754,1695.5
"04/03/2010 13:35:00","EDT","DUNWOD",61760,554.8
"04/03/2010 13:35:00","EDT","GENESE",61753,1063.6
"04/03/2010 13:35:00","EDT","HUD VL",61758,1019
"04/03/2010 13:35:00","EDT","LONGIL",61762,2169.2
"04/03/2010 13:35:00","EDT","MHK VL",61756,757
"04/03/2010 13:35:00","EDT","MILLWD",61759,308.4
"04/03/2010 13:35:00","EDT","N.Y.C.",61761,5405.2
"04/03/2010 13:35:00","EDT","NORTH",61755,444.2
"04/03/2010 13:35:00","EDT","WEST",61752,1635.5
"04/03/2010 13:40:00","EDT","CAPITL",61757,1077.6
"04/03/2010 13:40:00","EDT","CENTRL",61754,1698.7
"04/03/2010 13:40:00","EDT","DUNWOD",61760,554.4
"04/03/2010 13:40:00","EDT","GENESE",61753,1056.7
"04/03/2010 13:40:00","EDT","HUD VL",61758,1028.7
"04/03/2010 13:40:00","EDT","LONGIL",61762,2155.1
"04/03/2010 13:40:00","EDT","MHK VL",61756,753.5
"04/03/2010 13:40:00","EDT","MILLWD",61759,298.6
"04/03/2010 13:40:00","EDT","N.Y.C.",61761,5399
"04/03/2010 13:40:00","EDT","NORTH",61755,440.3
"04/03/2010 13:40:00","EDT","WEST",61752,1655.4
"04/03/2010 13:45:00","EDT","CAPITL",61757,1086.1
"04/03/2010 13:45:00","EDT","CENTRL",61754,1649.5
"04/03/2010 13:45:00","EDT","DUNWOD",61760,548.4
"04/03/2010 13:45:00","EDT","GENESE",61753,1055
"04/03/2010 13:45:00","EDT","HUD VL",61758,1039.5
"04/03/2010 13:45:00","EDT","LONGIL",61762,2155.6
"04/03/2010 13:45:00","EDT","MHK VL",61756,752.4
"04/03/2010 13:45:00","EDT","MILLWD",61759,299.7
"04/03/2010 13:45:00","EDT","N.Y.C.",61761,5382.7
"04/03/2010 13:45:00","EDT","NORTH",61755,439.5
"04/03/2010 13:45:00","EDT","WEST",61752,1643.6
"04/03/2010 13:50:00","EDT","CAPITL",61757,1078.1
"04/03/2010 13:50:00","EDT","CENTRL",61754,1683.5
"04/03/2010 13:50:00","EDT","DUNWOD",61760,538.5
"04/03/2010 13:50:00","EDT","GENESE",61753,1056.5
"04/03/2010 13:50:00","EDT","HUD VL",61758,1019
"04/03/2010 13:50:00","EDT","LONGIL",61762,2160.1
"04/03/2010 13:50:00","EDT","MHK VL",61756,744.3
"04/03/2010 13:50:00","EDT","MILLWD",61759,302.7
"04/03/2010 13:50:00","EDT","N.Y.C.",61761,5403.9
"04/03/2010 13:50:00","EDT","NORTH",61755,444.6
"04/03/2010 13:50:00","EDT","WEST",61752,1640.5
"04/03/2010 13:55:00","EDT","CAPITL",61757,1074.1
"04/03/2010 13:55:00","EDT","CENTRL",61754,1682.2
"04/03/2010 13:55:00","EDT","DUNWOD",61760,544.3
"04/03/2010 13:55:00","EDT","GENESE",61753,1056.1
"04/03/2010 13:55:00","EDT","HUD VL",61758,1030.3
"04/03/2010 13:55:00","EDT","LONGIL",61762,2151.3
"04/03/2010 13:55:00","EDT","MHK VL",61756,743.5
"04/03/2010 13:55:00","EDT","MILLWD",61759,300.4
"04/03/2010 13:55:00","EDT","N.Y.C.",61761,5386.2
"04/03/2010 13:55:00","EDT","NORTH",61755,438.2
"04/03/2010 13:55:00","EDT","WEST",61752,1644.8
"04/03/2010 14:00:00","EDT","CAPITL",61757,1078.1
"04/03/2010 14:00:00","EDT","CENTRL",61754,1685.3
"04/03/2010 14:00:00","EDT","DUNWOD",61760,559.5
"04/03/2010 14:00:00","EDT","GENESE",61753,1057.4
"04/03/2010 14:00:00","EDT","HUD VL",61758,1009.1
"04/03/2010 14:00:00","EDT","LONGIL",61762,2143.6
"04/03/2010 14:00:00","EDT","MHK VL",61756,729.1
"04/03/2010 14:00:00","EDT","MILLWD",61759,292
"04/03/2010 14:00:00","EDT","N.Y.C.",61761,5407.5
"04/03/2010 14:00:00","EDT","NORTH",61755,446.9
"04/03/2010 14:00:00","EDT","WEST",61752,1645.9
"04/03/2010 14:05:00","EDT","CAPITL",61757,1077.8
"04/03/2010 14:05:00","EDT","CENTRL",61754,1690.7
"04/03/2010 14:05:00","EDT","DUNWOD",61760,556.1
"04/03/2010 14:05:00","EDT","GENESE",61753,1056
"04/03/2010 14:05:00","EDT","HUD VL",61758,1024.4
"04/03/2010 14:05:00","EDT","LONGIL",61762,2132.1
"04/03/2010 14:05:00","EDT","MHK VL",61756,745.7
"04/03/2010 14:05:00","EDT","MILLWD",61759,296.3
"04/03/2010 14:05:00","EDT","N.Y.C.",61761,5355.8
"04/03/2010 14:05:00","EDT","NORTH",61755,432.2
"04/03/2010 14:05:00","EDT","WEST",61752,1626.4
"04/03/2010 14:10:00","EDT","CAPITL",61757,1083.9
"04/03/2010 14:10:00","EDT","CENTRL",61754,1683
"04/03/2010 14:10:00","EDT","DUNWOD",61760,539.1
"04/03/2010 14:10:00","EDT","GENESE",61753,1061.2
"04/03/2010 14:10:00","EDT","HUD VL",61758,1012.2
"04/03/2010 14:10:00","EDT","LONGIL",61762,2132.3
"04/03/2010 14:10:00","EDT","MHK VL",61756,738.9
"04/03/2010 14:10:00","EDT","MILLWD",61759,317.3
"04/03/2010 14:10:00","EDT","N.Y.C.",61761,5371.3
"04/03/2010 14:10:00","EDT","NORTH",61755,426.6
"04/03/2010 14:10:00","EDT","WEST",61752,1620.3
"04/03/2010 14:15:00","EDT","CAPITL",61757,1073.3
"04/03/2010 14:15:00","EDT","CENTRL",61754,1659
"04/03/2010 14:15:00","EDT","DUNWOD",61760,557.9
"04/03/2010 14:15:00","EDT","GENESE",61753,1051.7
"04/03/2010 14:15:00","EDT","HUD VL",61758,1020.9
"04/03/2010 14:15:00","EDT","LONGIL",61762,2145.3
"04/03/2010 14:15:00","EDT","MHK VL",61756,731.9
"04/03/2010 14:15:00","EDT","MILLWD",61759,313
"04/03/2010 14:15:00","EDT","N.Y.C.",61761,5392.7
"04/03/2010 14:15:00","EDT","NORTH",61755,440.6
"04/03/2010 14:15:00","EDT","WEST",61752,1644.1
"04/03/2010 14:20:00","EDT","CAPITL",61757,1074.4
"04/03/2010 14:20:00","EDT","CENTRL",61754,1692.4
"04/03/2010 14:20:00","EDT","DUNWOD",61760,542.9
"04/03/2010 14:20:00","EDT","GENESE",61753,1050.7
"04/03/2010 14:20:00","EDT","HUD VL",61758,1009.6
"04/03/2010 14:20:00","EDT","LONGIL",61762,2131.8
"04/03/2010 14:20:00","EDT","MHK VL",61756,733.4
"04/03/2010 14:20:00","EDT","MILLWD",61759,298.5
"04/03/2010 14:20:00","EDT","N.Y.C.",61761,5349.5
"04/03/2010 14:20:00","EDT","NORTH",61755,436.2
"04/03/2010 14:20:00","EDT","WEST",61752,1651.7
"04/03/2010 14:25:00","EDT","CAPITL",61757,1071.3
"04/03/2010 14:25:00","EDT","CENTRL",61754,1688.4
"04/03/2010 14:25:00","EDT","DUNWOD",61760,543
"04/03/2010 14:25:00","EDT","GENESE",61753,1050.6
"04/03/2010 14:25:00","EDT","HUD VL",61758,1021.6
"04/03/2010 14:25:00","EDT","LONGIL",61762,2130.2
"04/03/2010 14:25:00","EDT","MHK VL",61756,742.4
"04/03/2010 14:25:00","EDT","MILLWD",61759,294.2
"04/03/2010 14:25:00","EDT","N.Y.C.",61761,5348.2
"04/03/2010 14:25:00","EDT","NORTH",61755,433.3
"04/03/2010 14:25:00","EDT","WEST",61752,1640.5
"04/03/2010 14:30:00","EDT","CAPITL",61757,1075.6
"04/03/2010 14:30:00","EDT","CENTRL",61754,1638.2
"04/03/2010 14:30:00","EDT","DUNWOD",61760,542.1
"04/03/2010 14:30:00","EDT","GENESE",61753,1057.3
"04/03/2010 14:30:00","EDT","HUD VL",61758,1022.7
"04/03/2010 14:30:00","EDT","LONGIL",61762,2128.7
"04/03/2010 14:30:00","EDT","MHK VL",61756,734.4
"04/03/2010 14:30:00","EDT","MILLWD",61759,294.5
"04/03/2010 14:30:00","EDT","N.Y.C.",61761,5350.1
"04/03/2010 14:30:00","EDT","NORTH",61755,428.6
"04/03/2010 14:30:00","EDT","WEST",61752,1627.5
"04/03/2010 14:35:00","EDT","CAPITL",61757,1070.1
"04/03/2010 14:35:00","EDT","CENTRL",61754,1635.8
"04/03/2010 14:35:00","EDT","DUNWOD",61760,557.3
"04/03/2010 14:35:00","EDT","GENESE",61753,1054
"04/03/2010 14:35:00","EDT","HUD VL",61758,1017.4
"04/03/2010 14:35:00","EDT","LONGIL",61762,2128.3
"04/03/2010 14:35:00","EDT","MHK VL",61756,736.3
"04/03/2010 14:35:00","EDT","MILLWD",61759,287.8
"04/03/2010 14:35:00","EDT","N.Y.C.",61761,5333.9
"04/03/2010 14:35:00","EDT","NORTH",61755,427.7
"04/03/2010 14:35:00","EDT","WEST",61752,1634.5
"04/03/2010 14:40:00","EDT","CAPITL",61757,1064.1
"04/03/2010 14:40:00","EDT","CENTRL",61754,1641.4
"04/03/2010 14:40:00","EDT","DUNWOD",61760,524.9
"04/03/2010 14:40:00","EDT","GENESE",61753,1050.9
"04/03/2010 14:40:00","EDT","HUD VL",61758,1022.2
"04/03/2010 14:40:00","EDT","LONGIL",61762,2115.9
"04/03/2010 14:40:00","EDT","MHK VL",61756,744.3
"04/03/2010 14:40:00","EDT","MILLWD",61759,309.5
"04/03/2010 14:40:00","EDT","N.Y.C.",61761,5333
"04/03/2010 14:40:00","EDT","NORTH",61755,422.6
"04/03/2010 14:40:00","EDT","WEST",61752,1630.7
"04/03/2010 14:45:00","EDT","CAPITL",61757,1066.3
"04/03/2010 14:45:00","EDT","CENTRL",61754,1672.9
"04/03/2010 14:45:00","EDT","DUNWOD",61760,540.2
"04/03/2010 14:45:00","EDT","GENESE",61753,1044.6
"04/03/2010 14:45:00","EDT","HUD VL",61758,1022.6
"04/03/2010 14:45:00","EDT","LONGIL",61762,2116.6
"04/03/2010 14:45:00","EDT","MHK VL",61756,734.9
"04/03/2010 14:45:00","EDT","MILLWD",61759,292.9
"04/03/2010 14:45:00","EDT","N.Y.C.",61761,5312.4
"04/03/2010 14:45:00","EDT","NORTH",61755,425
"04/03/2010 14:45:00","EDT","WEST",61752,1634.6
"04/03/2010 14:50:00","EDT","CAPITL",61757,1064.2
"04/03/2010 14:50:00","EDT","CENTRL",61754,1652.2
"04/03/2010 14:50:00","EDT","DUNWOD",61760,534.8
"04/03/2010 14:50:00","EDT","GENESE",61753,1060.1
"04/03/2010 14:50:00","EDT","HUD VL",61758,1016.6
"04/03/2010 14:50:00","EDT","LONGIL",61762,2107.8
"04/03/2010 14:50:00","EDT","MHK VL",61756,741.8
"04/03/2010 14:50:00","EDT","MILLWD",61759,299.2
"04/03/2010 14:50:00","EDT","N.Y.C.",61761,5336.3
"04/03/2010 14:50:00","EDT","NORTH",61755,431
"04/03/2010 14:50:00","EDT","WEST",61752,1627.4
"04/03/2010 14:55:00","EDT","CAPITL",61757,1057.5
"04/03/2010 14:55:00","EDT","CENTRL",61754,1660.4
"04/03/2010 14:55:00","EDT","DUNWOD",61760,540.1
"04/03/2010 14:55:00","EDT","GENESE",61753,1055.7
"04/03/2010 14:55:00","EDT","HUD VL",61758,1011.8
"04/03/2010 14:55:00","EDT","LONGIL",61762,2116.8
"04/03/2010 14:55:00","EDT","MHK VL",61756,727.3
"04/03/2010 14:55:00","EDT","MILLWD",61759,293.9
"04/03/2010 14:55:00","EDT","N.Y.C.",61761,5306.2
"04/03/2010 14:55:00","EDT","NORTH",61755,430.7
"04/03/2010 14:55:00","EDT","WEST",61752,1637.2
"04/03/2010 15:00:00","EDT","CAPITL",61757,1065.2
"04/03/2010 15:00:00","EDT","CENTRL",61754,1631.4
"04/03/2010 15:00:00","EDT","DUNWOD",61760,548
"04/03/2010 15:00:00","EDT","GENESE",61753,1045.5
"04/03/2010 15:00:00","EDT","HUD VL",61758,1009.1
"04/03/2010 15:00:00","EDT","LONGIL",61762,2115.7
"04/03/2010 15:00:00","EDT","MHK VL",61756,734
"04/03/2010 15:00:00","EDT","MILLWD",61759,295.2
"04/03/2010 15:00:00","EDT","N.Y.C.",61761,5331.7
"04/03/2010 15:00:00","EDT","NORTH",61755,447.1
"04/03/2010 15:00:00","EDT","WEST",61752,1638
"04/03/2010 15:05:00","EDT","CAPITL",61757,1078.6
"04/03/2010 15:05:00","EDT","CENTRL",61754,1657
"04/03/2010 15:05:00","EDT","DUNWOD",61760,531.2
"04/03/2010 15:05:00","EDT","GENESE",61753,1056
"04/03/2010 15:05:00","EDT","HUD VL",61758,1013.4
"04/03/2010 15:05:00","EDT","LONGIL",61762,2118.4
"04/03/2010 15:05:00","EDT","MHK VL",61756,734
"04/03/2010 15:05:00","EDT","MILLWD",61759,305.8
"04/03/2010 15:05:00","EDT","N.Y.C.",61761,5311.2
"04/03/2010 15:05:00","EDT","NORTH",61755,428.3
"04/03/2010 15:05:00","EDT","WEST",61752,1625.3
"04/03/2010 15:10:00","EDT","CAPITL",61757,1057.2
"04/03/2010 15:10:00","EDT","CENTRL",61754,1675.6
"04/03/2010 15:10:00","EDT","DUNWOD",61760,540.7
"04/03/2010 15:10:00","EDT","GENESE",61753,1047.7
"04/03/2010 15:10:00","EDT","HUD VL",61758,1007.2
"04/03/2010 15:10:00","EDT","LONGIL",61762,2111.8
"04/03/2010 15:10:00","EDT","MHK VL",61756,725.1
"04/03/2010 15:10:00","EDT","MILLWD",61759,305.8
"04/03/2010 15:10:00","EDT","N.Y.C.",61761,5300.5
"04/03/2010 15:10:00","EDT","NORTH",61755,434.5
"04/03/2010 15:10:00","EDT","WEST",61752,1649.5
"04/03/2010 15:15:00","EDT","CAPITL",61757,1050.4
"04/03/2010 15:15:00","EDT","CENTRL",61754,1677.4
"04/03/2010 15:15:00","EDT","DUNWOD",61760,550.3
"04/03/2010 15:15:00","EDT","GENESE",61753,1054.5
"04/03/2010 15:15:00","EDT","HUD VL",61758,1012.3
"04/03/2010 15:15:00","EDT","LONGIL",61762,2102
"04/03/2010 15:15:00","EDT","MHK VL",61756,718.7
"04/03/2010 15:15:00","EDT","MILLWD",61759,280
"04/03/2010 15:15:00","EDT","N.Y.C.",61761,5294.6
"04/03/2010 15:15:00","EDT","NORTH",61755,421.9
"04/03/2010 15:15:00","EDT","WEST",61752,1631
"04/03/2010 15:20:00","EDT","CAPITL",61757,1060.2
"04/03/2010 15:20:00","EDT","CENTRL",61754,1675.8
"04/03/2010 15:20:00","EDT","DUNWOD",61760,539.9
"04/03/2010 15:20:00","EDT","GENESE",61753,1055.6
"04/03/2010 15:20:00","EDT","HUD VL",61758,991.3
"04/03/2010 15:20:00","EDT","LONGIL",61762,2108.4
"04/03/2010 15:20:00","EDT","MHK VL",61756,723.2
"04/03/2010 15:20:00","EDT","MILLWD",61759,308
"04/03/2010 15:20:00","EDT","N.Y.C.",61761,5306.7
"04/03/2010 15:20:00","EDT","NORTH",61755,432
"04/03/2010 15:20:00","EDT","WEST",61752,1656
"04/03/2010 15:25:00","EDT","CAPITL",61757,1076.6
"04/03/2010 15:25:00","EDT","CENTRL",61754,1645.9
"04/03/2010 15:25:00","EDT","DUNWOD",61760,561.7
"04/03/2010 15:25:00","EDT","GENESE",61753,1049.5
"04/03/2010 15:25:00","EDT","HUD VL",61758,1012.7
"04/03/2010 15:25:00","EDT","LONGIL",61762,2100.6
"04/03/2010 15:25:00","EDT","MHK VL",61756,728.3
"04/03/2010 15:25:00","EDT","MILLWD",61759,279.1
"04/03/2010 15:25:00","EDT","N.Y.C.",61761,5269.6
"04/03/2010 15:25:00","EDT","NORTH",61755,429.9
"04/03/2010 15:25:00","EDT","WEST",61752,1624.1
"04/03/2010 15:30:00","EDT","CAPITL",61757,1074.2
"04/03/2010 15:30:00","EDT","CENTRL",61754,1673.1
"04/03/2010 15:30:00","EDT","DUNWOD",61760,529.5
"04/03/2010 15:30:00","EDT","GENESE",61753,1051.7
"04/03/2010 15:30:00","EDT","HUD VL",61758,1011.4
"04/03/2010 15:30:00","EDT","LONGIL",61762,2118.3
"04/03/2010 15:30:00","EDT","MHK VL",61756,722.5
"04/03/2010 15:30:00","EDT","MILLWD",61759,293.9
"04/03/2010 15:30:00","EDT","N.Y.C.",61761,5299.4
"04/03/2010 15:30:00","EDT","NORTH",61755,434.4
"04/03/2010 15:30:00","EDT","WEST",61752,1633.4
"04/03/2010 15:35:00","EDT","CAPITL",61757,1068.8
"04/03/2010 15:35:00","EDT","CENTRL",61754,1665.9
"04/03/2010 15:35:00","EDT","DUNWOD",61760,555
"04/03/2010 15:35:00","EDT","GENESE",61753,1059.7
"04/03/2010 15:35:00","EDT","HUD VL",61758,1022.6
"04/03/2010 15:35:00","EDT","LONGIL",61762,2103.6
"04/03/2010 15:35:00","EDT","MHK VL",61756,728.4
"04/03/2010 15:35:00","EDT","MILLWD",61759,292.3
"04/03/2010 15:35:00","EDT","N.Y.C.",61761,5279.3
"04/03/2010 15:35:00","EDT","NORTH",61755,427.4
"04/03/2010 15:35:00","EDT","WEST",61752,1638.3
"04/03/2010 15:40:00","EDT","CAPITL",61757,1064.7
"04/03/2010 15:40:00","EDT","CENTRL",61754,1665.3
"04/03/2010 15:40:00","EDT","DUNWOD",61760,548
"04/03/2010 15:40:00","EDT","GENESE",61753,1056.7
"04/03/2010 15:40:00","EDT","HUD VL",61758,1019.9
"04/03/2010 15:40:00","EDT","LONGIL",61762,2108.1
"04/03/2010 15:40:00","EDT","MHK VL",61756,727.9
"04/03/2010 15:40:00","EDT","MILLWD",61759,286.8
"04/03/2010 15:40:00","EDT","N.Y.C.",61761,5293
"04/03/2010 15:40:00","EDT","NORTH",61755,426.6
"04/03/2010 15:40:00","EDT","WEST",61752,1633.6
"04/03/2010 15:45:00","EDT","CAPITL",61757,1064.2
"04/03/2010 15:45:00","EDT","CENTRL",61754,1669.5
"04/03/2010 15:45:00","EDT","DUNWOD",61760,535.4
"04/03/2010 15:45:00","EDT","GENESE",61753,1052.6
"04/03/2010 15:45:00","EDT","HUD VL",61758,1005.1
"04/03/2010 15:45:00","EDT","LONGIL",61762,2094.2
"04/03/2010 15:45:00","EDT","MHK VL",61756,730
"04/03/2010 15:45:00","EDT","MILLWD",61759,303.5
"04/03/2010 15:45:00","EDT","N.Y.C.",61761,5274.6
"04/03/2010 15:45:00","EDT","NORTH",61755,426.1
"04/03/2010 15:45:00","EDT","WEST",61752,1631.1
"04/03/2010 15:50:00","EDT","CAPITL",61757,1067.9
"04/03/2010 15:50:00","EDT","CENTRL",61754,1668.1
"04/03/2010 15:50:00","EDT","DUNWOD",61760,532.1
"04/03/2010 15:50:00","EDT","GENESE",61753,1049.4
"04/03/2010 15:50:00","EDT","HUD VL",61758,1006.6
"04/03/2010 15:50:00","EDT","LONGIL",61762,2112
"04/03/2010 15:50:00","EDT","MHK VL",61756,717.4
"04/03/2010 15:50:00","EDT","MILLWD",61759,286.1
"04/03/2010 15:50:00","EDT","N.Y.C.",61761,5255.8
"04/03/2010 15:50:00","EDT","NORTH",61755,428.1
"04/03/2010 15:50:00","EDT","WEST",61752,1620.6
"04/03/2010 15:55:00","EDT","CAPITL",61757,1062.5
"04/03/2010 15:55:00","EDT","CENTRL",61754,1693
"04/03/2010 15:55:00","EDT","DUNWOD",61760,532.8
"04/03/2010 15:55:00","EDT","GENESE",61753,1040.6
"04/03/2010 15:55:00","EDT","HUD VL",61758,1015.3
"04/03/2010 15:55:00","EDT","LONGIL",61762,2103.5
"04/03/2010 15:55:00","EDT","MHK VL",61756,721.5
"04/03/2010 15:55:00","EDT","MILLWD",61759,299.5
"04/03/2010 15:55:00","EDT","N.Y.C.",61761,5264.4
"04/03/2010 15:55:00","EDT","NORTH",61755,428.8
"04/03/2010 15:55:00","EDT","WEST",61752,1631.7
"04/03/2010 16:00:00","EDT","CAPITL",61757,1065.5
"04/03/2010 16:00:00","EDT","CENTRL",61754,1681.5
"04/03/2010 16:00:00","EDT","DUNWOD",61760,509.4
"04/03/2010 16:00:00","EDT","GENESE",61753,1051.6
"04/03/2010 16:00:00","EDT","HUD VL",61758,1009.7
"04/03/2010 16:00:00","EDT","LONGIL",61762,2099.2
"04/03/2010 16:00:00","EDT","MHK VL",61756,722.5
"04/03/2010 16:00:00","EDT","MILLWD",61759,310.8
"04/03/2010 16:00:00","EDT","N.Y.C.",61761,5291.6
"04/03/2010 16:00:00","EDT","NORTH",61755,433.1
"04/03/2010 16:00:00","EDT","WEST",61752,1638.4
"04/03/2010 16:05:00","EDT","CAPITL",61757,1059.2
"04/03/2010 16:05:00","EDT","CENTRL",61754,1683.3
"04/03/2010 16:05:00","EDT","DUNWOD",61760,522.9
"04/03/2010 16:05:00","EDT","GENESE",61753,1052
"04/03/2010 16:05:00","EDT","HUD VL",61758,1010.7
"04/03/2010 16:05:00","EDT","LONGIL",61762,2099.8
"04/03/2010 16:05:00","EDT","MHK VL",61756,727.5
"04/03/2010 16:05:00","EDT","MILLWD",61759,299.5
"04/03/2010 16:05:00","EDT","N.Y.C.",61761,5294.6
"04/03/2010 16:05:00","EDT","NORTH",61755,423.8
"04/03/2010 16:05:00","EDT","WEST",61752,1627.7
"04/03/2010 16:10:00","EDT","CAPITL",61757,1059.7
"04/03/2010 16:10:00","EDT","CENTRL",61754,1635.6
"04/03/2010 16:10:00","EDT","DUNWOD",61760,511.2
"04/03/2010 16:10:00","EDT","GENESE",61753,1051.9
"04/03/2010 16:10:00","EDT","HUD VL",61758,999.2
"04/03/2010 16:10:00","EDT","LONGIL",61762,2092.2
"04/03/2010 16:10:00","EDT","MHK VL",61756,736.7
"04/03/2010 16:10:00","EDT","MILLWD",61759,311.5
"04/03/2010 16:10:00","EDT","N.Y.C.",61761,5288.3
"04/03/2010 16:10:00","EDT","NORTH",61755,435.5
"04/03/2010 16:10:00","EDT","WEST",61752,1654
"04/03/2010 16:15:00","EDT","CAPITL",61757,1061.2
"04/03/2010 16:15:00","EDT","CENTRL",61754,1633.5
"04/03/2010 16:15:00","EDT","DUNWOD",61760,539.5
"04/03/2010 16:15:00","EDT","GENESE",61753,1050.6
"04/03/2010 16:15:00","EDT","HUD VL",61758,1008.5
"04/03/2010 16:15:00","EDT","LONGIL",61762,2112.4
"04/03/2010 16:15:00","EDT","MHK VL",61756,748.6
"04/03/2010 16:15:00","EDT","MILLWD",61759,276.4
"04/03/2010 16:15:00","EDT","N.Y.C.",61761,5247.8
"04/03/2010 16:15:00","EDT","NORTH",61755,434.3
"04/03/2010 16:15:00","EDT","WEST",61752,1638
"04/03/2010 16:20:00","EDT","CAPITL",61757,1061.2
"04/03/2010 16:20:00","EDT","CENTRL",61754,1668.7
"04/03/2010 16:20:00","EDT","DUNWOD",61760,533.5
"04/03/2010 16:20:00","EDT","GENESE",61753,1054.2
"04/03/2010 16:20:00","EDT","HUD VL",61758,1031.2
"04/03/2010 16:20:00","EDT","LONGIL",61762,2094.7
"04/03/2010 16:20:00","EDT","MHK VL",61756,747.9
"04/03/2010 16:20:00","EDT","MILLWD",61759,288.2
"04/03/2010 16:20:00","EDT","N.Y.C.",61761,5268.4
"04/03/2010 16:20:00","EDT","NORTH",61755,423.2
"04/03/2010 16:20:00","EDT","WEST",61752,1619.4
"04/03/2010 16:25:00","EDT","CAPITL",61757,1060.6
"04/03/2010 16:25:00","EDT","CENTRL",61754,1679.2
"04/03/2010 16:25:00","EDT","DUNWOD",61760,533.1
"04/03/2010 16:25:00","EDT","GENESE",61753,1052.6
"04/03/2010 16:25:00","EDT","HUD VL",61758,1018.1
"04/03/2010 16:25:00","EDT","LONGIL",61762,2117.1
"04/03/2010 16:25:00","EDT","MHK VL",61756,746.6
"04/03/2010 16:25:00","EDT","MILLWD",61759,289.6
"04/03/2010 16:25:00","EDT","N.Y.C.",61761,5249.7
"04/03/2010 16:25:00","EDT","NORTH",61755,433.2
"04/03/2010 16:25:00","EDT","WEST",61752,1632.3
"04/03/2010 16:30:00","EDT","CAPITL",61757,1070.8
"04/03/2010 16:30:00","EDT","CENTRL",61754,1678.5
"04/03/2010 16:30:00","EDT","DUNWOD",61760,537.1
"04/03/2010 16:30:00","EDT","GENESE",61753,1050.1
"04/03/2010 16:30:00","EDT","HUD VL",61758,1015
"04/03/2010 16:30:00","EDT","LONGIL",61762,2110.1
"04/03/2010 16:30:00","EDT","MHK VL",61756,751.1
"04/03/2010 16:30:00","EDT","MILLWD",61759,284.5
"04/03/2010 16:30:00","EDT","N.Y.C.",61761,5249.7
"04/03/2010 16:30:00","EDT","NORTH",61755,432.3
"04/03/2010 16:30:00","EDT","WEST",61752,1638.3
"04/03/2010 16:35:00","EDT","CAPITL",61757,1067.6
"04/03/2010 16:35:00","EDT","CENTRL",61754,1652
"04/03/2010 16:35:00","EDT","DUNWOD",61760,544.1
"04/03/2010 16:35:00","EDT","GENESE",61753,1057.3
"04/03/2010 16:35:00","EDT","HUD VL",61758,999.1
"04/03/2010 16:35:00","EDT","LONGIL",61762,2110.3
"04/03/2010 16:35:00","EDT","MHK VL",61756,747.8
"04/03/2010 16:35:00","EDT","MILLWD",61759,297.4
"04/03/2010 16:35:00","EDT","N.Y.C.",61761,5251.8
"04/03/2010 16:35:00","EDT","NORTH",61755,422.7
"04/03/2010 16:35:00","EDT","WEST",61752,1620.4
"04/03/2010 16:40:00","EDT","CAPITL",61757,1073.9
"04/03/2010 16:40:00","EDT","CENTRL",61754,1681
"04/03/2010 16:40:00","EDT","DUNWOD",61760,518.3
"04/03/2010 16:40:00","EDT","GENESE",61753,1055.2
"04/03/2010 16:40:00","EDT","HUD VL",61758,1016.9
"04/03/2010 16:40:00","EDT","LONGIL",61762,2115.4
"04/03/2010 16:40:00","EDT","MHK VL",61756,749.6
"04/03/2010 16:40:00","EDT","MILLWD",61759,298.3
"04/03/2010 16:40:00","EDT","N.Y.C.",61761,5262.4
"04/03/2010 16:40:00","EDT","NORTH",61755,433.2
"04/03/2010 16:40:00","EDT","WEST",61752,1636.1
"04/03/2010 16:45:00","EDT","CAPITL",61757,1064.3
"04/03/2010 16:45:00","EDT","CENTRL",61754,1670.2
"04/03/2010 16:45:00","EDT","DUNWOD",61760,542.2
"04/03/2010 16:45:00","EDT","GENESE",61753,1055.4
"04/03/2010 16:45:00","EDT","HUD VL",61758,1011.3
"04/03/2010 16:45:00","EDT","LONGIL",61762,2116.8
"04/03/2010 16:45:00","EDT","MHK VL",61756,745.7
"04/03/2010 16:45:00","EDT","MILLWD",61759,280.7
"04/03/2010 16:45:00","EDT","N.Y.C.",61761,5254
"04/03/2010 16:45:00","EDT","NORTH",61755,431
"04/03/2010 16:45:00","EDT","WEST",61752,1637.3
"04/03/2010 16:50:00","EDT","CAPITL",61757,1074.8
"04/03/2010 16:50:00","EDT","CENTRL",61754,1684.9
"04/03/2010 16:50:00","EDT","DUNWOD",61760,517.4
"04/03/2010 16:50:00","EDT","GENESE",61753,1057.6
"04/03/2010 16:50:00","EDT","HUD VL",61758,1011.2
"04/03/2010 16:50:00","EDT","LONGIL",61762,2112.5
"04/03/2010 16:50:00","EDT","MHK VL",61756,748.7
"04/03/2010 16:50:00","EDT","MILLWD",61759,304.9
"04/03/2010 16:50:00","EDT","N.Y.C.",61761,5281
"04/03/2010 16:50:00","EDT","NORTH",61755,434.5
"04/03/2010 16:50:00","EDT","WEST",61752,1638.9
"04/03/2010 16:55:00","EDT","CAPITL",61757,1072.5
"04/03/2010 16:55:00","EDT","CENTRL",61754,1686.3
"04/03/2010 16:55:00","EDT","DUNWOD",61760,534.1
"04/03/2010 16:55:00","EDT","GENESE",61753,1054.7
"04/03/2010 16:55:00","EDT","HUD VL",61758,1004.7
"04/03/2010 16:55:00","EDT","LONGIL",61762,2123.8
"04/03/2010 16:55:00","EDT","MHK VL",61756,759.4
"04/03/2010 16:55:00","EDT","MILLWD",61759,290.7
"04/03/2010 16:55:00","EDT","N.Y.C.",61761,5245.7
"04/03/2010 16:55:00","EDT","NORTH",61755,434.4
"04/03/2010 16:55:00","EDT","WEST",61752,1636.2
"04/03/2010 17:00:00","EDT","CAPITL",61757,1066.9
"04/03/2010 17:00:00","EDT","CENTRL",61754,1627.4
"04/03/2010 17:00:00","EDT","DUNWOD",61760,549.1
"04/03/2010 17:00:00","EDT","GENESE",61753,1054.2
"04/03/2010 17:00:00","EDT","HUD VL",61758,1022.5
"04/03/2010 17:00:00","EDT","LONGIL",61762,2120.4
"04/03/2010 17:00:00","EDT","MHK VL",61756,758.5
"04/03/2010 17:00:00","EDT","MILLWD",61759,283.9
"04/03/2010 17:00:00","EDT","N.Y.C.",61761,5257.5
"04/03/2010 17:00:00","EDT","NORTH",61755,436.9
"04/03/2010 17:00:00","EDT","WEST",61752,1650.7
"04/03/2010 17:05:00","EDT","CAPITL",61757,1066.2
"04/03/2010 17:05:00","EDT","CENTRL",61754,1645.1
"04/03/2010 17:05:00","EDT","DUNWOD",61760,571.5
"04/03/2010 17:05:00","EDT","GENESE",61753,1053
"04/03/2010 17:05:00","EDT","HUD VL",61758,1028.8
"04/03/2010 17:05:00","EDT","LONGIL",61762,2133.6
"04/03/2010 17:05:00","EDT","MHK VL",61756,753.7
"04/03/2010 17:05:00","EDT","MILLWD",61759,265.6
"04/03/2010 17:05:00","EDT","N.Y.C.",61761,5248
"04/03/2010 17:05:00","EDT","NORTH",61755,434
"04/03/2010 17:05:00","EDT","WEST",61752,1634.6
"04/03/2010 17:10:00","EDT","CAPITL",61757,1045.2
"04/03/2010 17:10:00","EDT","CENTRL",61754,1678
"04/03/2010 17:10:00","EDT","DUNWOD",61760,525
"04/03/2010 17:10:00","EDT","GENESE",61753,1054.8
"04/03/2010 17:10:00","EDT","HUD VL",61758,1023.6
"04/03/2010 17:10:00","EDT","LONGIL",61762,2122.3
"04/03/2010 17:10:00","EDT","MHK VL",61756,756.1
"04/03/2010 17:10:00","EDT","MILLWD",61759,303.4
"04/03/2010 17:10:00","EDT","N.Y.C.",61761,5269.7
"04/03/2010 17:10:00","EDT","NORTH",61755,434.9
"04/03/2010 17:10:00","EDT","WEST",61752,1647.1
"04/03/2010 17:15:00","EDT","CAPITL",61757,1058.6
"04/03/2010 17:15:00","EDT","CENTRL",61754,1674
"04/03/2010 17:15:00","EDT","DUNWOD",61760,536
"04/03/2010 17:15:00","EDT","GENESE",61753,1055.7
"04/03/2010 17:15:00","EDT","HUD VL",61758,1016.2
"04/03/2010 17:15:00","EDT","LONGIL",61762,2135.3
"04/03/2010 17:15:00","EDT","MHK VL",61756,775.9
"04/03/2010 17:15:00","EDT","MILLWD",61759,294.9
"04/03/2010 17:15:00","EDT","N.Y.C.",61761,5266.5
"04/03/2010 17:15:00","EDT","NORTH",61755,434.9
"04/03/2010 17:15:00","EDT","WEST",61752,1635.6
"04/03/2010 17:20:00","EDT","CAPITL",61757,1073
"04/03/2010 17:20:00","EDT","CENTRL",61754,1677.4
"04/03/2010 17:20:00","EDT","DUNWOD",61760,529.5
"04/03/2010 17:20:00","EDT","GENESE",61753,1064.2
"04/03/2010 17:20:00","EDT","HUD VL",61758,1024.4
"04/03/2010 17:20:00","EDT","LONGIL",61762,2145
"04/03/2010 17:20:00","EDT","MHK VL",61756,768.2
"04/03/2010 17:20:00","EDT","MILLWD",61759,298.4
"04/03/2010 17:20:00","EDT","N.Y.C.",61761,5265.9
"04/03/2010 17:20:00","EDT","NORTH",61755,433.6
"04/03/2010 17:20:00","EDT","WEST",61752,1630.5
"04/03/2010 17:25:00","EDT","CAPITL",61757,1080.2
"04/03/2010 17:25:00","EDT","CENTRL",61754,1645.6
"04/03/2010 17:25:00","EDT","DUNWOD",61760,535.7
"04/03/2010 17:25:00","EDT","GENESE",61753,1062.2
"04/03/2010 17:25:00","EDT","HUD VL",61758,1030.8
"04/03/2010 17:25:00","EDT","LONGIL",61762,2138.1
"04/03/2010 17:25:00","EDT","MHK VL",61756,770.7
"04/03/2010 17:25:00","EDT","MILLWD",61759,290
"04/03/2010 17:25:00","EDT","N.Y.C.",61761,5259
"04/03/2010 17:25:00","EDT","NORTH",61755,429.9
"04/03/2010 17:25:00","EDT","WEST",61752,1641
"04/03/2010 17:30:00","EDT","CAPITL",61757,1080.5
"04/03/2010 17:30:00","EDT","CENTRL",61754,1674.3
"04/03/2010 17:30:00","EDT","DUNWOD",61760,547.4
"04/03/2010 17:30:00","EDT","GENESE",61753,1063.1
"04/03/2010 17:30:00","EDT","HUD VL",61758,1027
"04/03/2010 17:30:00","EDT","LONGIL",61762,2137.3
"04/03/2010 17:30:00","EDT","MHK VL",61756,766.3
"04/03/2010 17:30:00","EDT","MILLWD",61759,270.9
"04/03/2010 17:30:00","EDT","N.Y.C.",61761,5243.8
"04/03/2010 17:30:00","EDT","NORTH",61755,428.8
"04/03/2010 17:30:00","EDT","WEST",61752,1639.5
"04/03/2010 17:35:00","EDT","CAPITL",61757,1082.9
"04/03/2010 17:35:00","EDT","CENTRL",61754,1667.2
"04/03/2010 17:35:00","EDT","DUNWOD",61760,524.4
"04/03/2010 17:35:00","EDT","GENESE",61753,1070.3
"04/03/2010 17:35:00","EDT","HUD VL",61758,1012.1
"04/03/2010 17:35:00","EDT","LONGIL",61762,2153.7
"04/03/2010 17:35:00","EDT","MHK VL",61756,767.5
"04/03/2010 17:35:00","EDT","MILLWD",61759,318.8
"04/03/2010 17:35:00","EDT","N.Y.C.",61761,5289.4
"04/03/2010 17:35:00","EDT","NORTH",61755,433.2
"04/03/2010 17:35:00","EDT","WEST",61752,1633.5
"04/03/2010 17:40:00","EDT","CAPITL",61757,1092.9
"04/03/2010 17:40:00","EDT","CENTRL",61754,1692.1
"04/03/2010 17:40:00","EDT","DUNWOD",61760,530.9
"04/03/2010 17:40:00","EDT","GENESE",61753,1062.4
"04/03/2010 17:40:00","EDT","HUD VL",61758,1025
"04/03/2010 17:40:00","EDT","LONGIL",61762,2167.9
"04/03/2010 17:40:00","EDT","MHK VL",61756,770.1
"04/03/2010 17:40:00","EDT","MILLWD",61759,303.4
"04/03/2010 17:40:00","EDT","N.Y.C.",61761,5277.3
"04/03/2010 17:40:00","EDT","NORTH",61755,439.6
"04/03/2010 17:40:00","EDT","WEST",61752,1641.8
"04/03/2010 17:45:00","EDT","CAPITL",61757,1083.8
"04/03/2010 17:45:00","EDT","CENTRL",61754,1678.2
"04/03/2010 17:45:00","EDT","DUNWOD",61760,538.7
"04/03/2010 17:45:00","EDT","GENESE",61753,1068.1
"04/03/2010 17:45:00","EDT","HUD VL",61758,1011.4
"04/03/2010 17:45:00","EDT","LONGIL",61762,2170.6
"04/03/2010 17:45:00","EDT","MHK VL",61756,765.2
"04/03/2010 17:45:00","EDT","MILLWD",61759,308.3
"04/03/2010 17:45:00","EDT","N.Y.C.",61761,5260.4
"04/03/2010 17:45:00","EDT","NORTH",61755,420.1
"04/03/2010 17:45:00","EDT","WEST",61752,1621.9
"04/03/2010 17:50:00","EDT","CAPITL",61757,1082
"04/03/2010 17:50:00","EDT","CENTRL",61754,1699.3
"04/03/2010 17:50:00","EDT","DUNWOD",61760,531.3
"04/03/2010 17:50:00","EDT","GENESE",61753,1055.6
"04/03/2010 17:50:00","EDT","HUD VL",61758,1043.9
"04/03/2010 17:50:00","EDT","LONGIL",61762,2175.8
"04/03/2010 17:50:00","EDT","MHK VL",61756,776
"04/03/2010 17:50:00","EDT","MILLWD",61759,294.5
"04/03/2010 17:50:00","EDT","N.Y.C.",61761,5306.8
"04/03/2010 17:50:00","EDT","NORTH",61755,430.1
"04/03/2010 17:50:00","EDT","WEST",61752,1634.9
"04/03/2010 17:55:00","EDT","CAPITL",61757,1084.6
"04/03/2010 17:55:00","EDT","CENTRL",61754,1647.6
"04/03/2010 17:55:00","EDT","DUNWOD",61760,520.6
"04/03/2010 17:55:00","EDT","GENESE",61753,1059.8
"04/03/2010 17:55:00","EDT","HUD VL",61758,1030.6
"04/03/2010 17:55:00","EDT","LONGIL",61762,2188
"04/03/2010 17:55:00","EDT","MHK VL",61756,776.9
"04/03/2010 17:55:00","EDT","MILLWD",61759,319.7
"04/03/2010 17:55:00","EDT","N.Y.C.",61761,5301.8
"04/03/2010 17:55:00","EDT","NORTH",61755,448
"04/03/2010 17:55:00","EDT","WEST",61752,1650.5
"04/03/2010 18:00:00","EDT","CAPITL",61757,1075.1
"04/03/2010 18:00:00","EDT","CENTRL",61754,1649.8
"04/03/2010 18:00:00","EDT","DUNWOD",61760,518
"04/03/2010 18:00:00","EDT","GENESE",61753,1057.4
"04/03/2010 18:00:00","EDT","HUD VL",61758,1016.7
"04/03/2010 18:00:00","EDT","LONGIL",61762,2201.8
"04/03/2010 18:00:00","EDT","MHK VL",61756,777.5
"04/03/2010 18:00:00","EDT","MILLWD",61759,309.1
"04/03/2010 18:00:00","EDT","N.Y.C.",61761,5300.8
"04/03/2010 18:00:00","EDT","NORTH",61755,434.9
"04/03/2010 18:00:00","EDT","WEST",61752,1648.5
"04/03/2010 18:05:00","EDT","CAPITL",61757,1077.7
"04/03/2010 18:05:00","EDT","CENTRL",61754,1678.3
"04/03/2010 18:05:00","EDT","DUNWOD",61760,548.1
"04/03/2010 18:05:00","EDT","GENESE",61753,1052.5
"04/03/2010 18:05:00","EDT","HUD VL",61758,1034.4
"04/03/2010 18:05:00","EDT","LONGIL",61762,2207.3
"04/03/2010 18:05:00","EDT","MHK VL",61756,779
"04/03/2010 18:05:00","EDT","MILLWD",61759,282
"04/03/2010 18:05:00","EDT","N.Y.C.",61761,5300.5
"04/03/2010 18:05:00","EDT","NORTH",61755,426.4
"04/03/2010 18:05:00","EDT","WEST",61752,1625.6
"04/03/2010 18:10:00","EDT","CAPITL",61757,1067
"04/03/2010 18:10:00","EDT","CENTRL",61754,1684.4
"04/03/2010 18:10:00","EDT","DUNWOD",61760,537.8
"04/03/2010 18:10:00","EDT","GENESE",61753,1054
"04/03/2010 18:10:00","EDT","HUD VL",61758,1034
"04/03/2010 18:10:00","EDT","LONGIL",61762,2198.5
"04/03/2010 18:10:00","EDT","MHK VL",61756,780.8
"04/03/2010 18:10:00","EDT","MILLWD",61759,297.3
"04/03/2010 18:10:00","EDT","N.Y.C.",61761,5265.9
"04/03/2010 18:10:00","EDT","NORTH",61755,428.7
"04/03/2010 18:10:00","EDT","WEST",61752,1632
"04/03/2010 18:15:00","EDT","CAPITL",61757,1070.7
"04/03/2010 18:15:00","EDT","CENTRL",61754,1683.3
"04/03/2010 18:15:00","EDT","DUNWOD",61760,539
"04/03/2010 18:15:00","EDT","GENESE",61753,1057.2
"04/03/2010 18:15:00","EDT","HUD VL",61758,1027.4
"04/03/2010 18:15:00","EDT","LONGIL",61762,2209
"04/03/2010 18:15:00","EDT","MHK VL",61756,780.6
"04/03/2010 18:15:00","EDT","MILLWD",61759,300.3
"04/03/2010 18:15:00","EDT","N.Y.C.",61761,5271.8
"04/03/2010 18:15:00","EDT","NORTH",61755,428.8
"04/03/2010 18:15:00","EDT","WEST",61752,1622.3
"04/03/2010 18:20:00","EDT","CAPITL",61757,1073
"04/03/2010 18:20:00","EDT","CENTRL",61754,1684
"04/03/2010 18:20:00","EDT","DUNWOD",61760,561.8
"04/03/2010 18:20:00","EDT","GENESE",61753,1051.4
"04/03/2010 18:20:00","EDT","HUD VL",61758,1032
"04/03/2010 18:20:00","EDT","LONGIL",61762,2217.1
"04/03/2010 18:20:00","EDT","MHK VL",61756,773.7
"04/03/2010 18:20:00","EDT","MILLWD",61759,271.9
"04/03/2010 18:20:00","EDT","N.Y.C.",61761,5291.5
"04/03/2010 18:20:00","EDT","NORTH",61755,436.6
"04/03/2010 18:20:00","EDT","WEST",61752,1642.3
"04/03/2010 18:25:00","EDT","CAPITL",61757,1076.8
"04/03/2010 18:25:00","EDT","CENTRL",61754,1682.6
"04/03/2010 18:25:00","EDT","DUNWOD",61760,535.3
"04/03/2010 18:25:00","EDT","GENESE",61753,1058
"04/03/2010 18:25:00","EDT","HUD VL",61758,1027.7
"04/03/2010 18:25:00","EDT","LONGIL",61762,2221.6
"04/03/2010 18:25:00","EDT","MHK VL",61756,771.9
"04/03/2010 18:25:00","EDT","MILLWD",61759,295
"04/03/2010 18:25:00","EDT","N.Y.C.",61761,5293.2
"04/03/2010 18:25:00","EDT","NORTH",61755,432.8
"04/03/2010 18:25:00","EDT","WEST",61752,1642.1
"04/03/2010 18:30:00","EDT","CAPITL",61757,1075.9
"04/03/2010 18:30:00","EDT","CENTRL",61754,1678.2
"04/03/2010 18:30:00","EDT","DUNWOD",61760,552.9
"04/03/2010 18:30:00","EDT","GENESE",61753,1064.1
"04/03/2010 18:30:00","EDT","HUD VL",61758,1023.9
"04/03/2010 18:30:00","EDT","LONGIL",61762,2238.7
"04/03/2010 18:30:00","EDT","MHK VL",61756,778.9
"04/03/2010 18:30:00","EDT","MILLWD",61759,279
"04/03/2010 18:30:00","EDT","N.Y.C.",61761,5291.6
"04/03/2010 18:30:00","EDT","NORTH",61755,437.4
"04/03/2010 18:30:00","EDT","WEST",61752,1640.9
"04/03/2010 18:35:00","EDT","CAPITL",61757,1079.9
"04/03/2010 18:35:00","EDT","CENTRL",61754,1693
"04/03/2010 18:35:00","EDT","DUNWOD",61760,532.4
"04/03/2010 18:35:00","EDT","GENESE",61753,1064.3
"04/03/2010 18:35:00","EDT","HUD VL",61758,1015.1
"04/03/2010 18:35:00","EDT","LONGIL",61762,2252.7
"04/03/2010 18:35:00","EDT","MHK VL",61756,777.7
"04/03/2010 18:35:00","EDT","MILLWD",61759,306
"04/03/2010 18:35:00","EDT","N.Y.C.",61761,5299.8
"04/03/2010 18:35:00","EDT","NORTH",61755,441.3
"04/03/2010 18:35:00","EDT","WEST",61752,1647.6
"04/03/2010 18:40:00","EDT","CAPITL",61757,1079.3
"04/03/2010 18:40:00","EDT","CENTRL",61754,1691.7
"04/03/2010 18:40:00","EDT","DUNWOD",61760,564.4
"04/03/2010 18:40:00","EDT","GENESE",61753,1053.3
"04/03/2010 18:40:00","EDT","HUD VL",61758,1022.1
"04/03/2010 18:40:00","EDT","LONGIL",61762,2255.8
"04/03/2010 18:40:00","EDT","MHK VL",61756,787.5
"04/03/2010 18:40:00","EDT","MILLWD",61759,284.8
"04/03/2010 18:40:00","EDT","N.Y.C.",61761,5287.2
"04/03/2010 18:40:00","EDT","NORTH",61755,426.4
"04/03/2010 18:40:00","EDT","WEST",61752,1621.7
"04/03/2010 18:45:00","EDT","CAPITL",61757,1074.7
"04/03/2010 18:45:00","EDT","CENTRL",61754,1649
"04/03/2010 18:45:00","EDT","DUNWOD",61760,554
"04/03/2010 18:45:00","EDT","GENESE",61753,1055.2
"04/03/2010 18:45:00","EDT","HUD VL",61758,1045.3
"04/03/2010 18:45:00","EDT","LONGIL",61762,2262.4
"04/03/2010 18:45:00","EDT","MHK VL",61756,784.4
"04/03/2010 18:45:00","EDT","MILLWD",61759,295.6
"04/03/2010 18:45:00","EDT","N.Y.C.",61761,5305.7
"04/03/2010 18:45:00","EDT","NORTH",61755,431.7
"04/03/2010 18:45:00","EDT","WEST",61752,1652.1
"04/03/2010 18:50:00","EDT","CAPITL",61757,1077.9
"04/03/2010 18:50:00","EDT","CENTRL",61754,1677.2
"04/03/2010 18:50:00","EDT","DUNWOD",61760,546.4
"04/03/2010 18:50:00","EDT","GENESE",61753,1056.7
"04/03/2010 18:50:00","EDT","HUD VL",61758,1027.8
"04/03/2010 18:50:00","EDT","LONGIL",61762,2270.2
"04/03/2010 18:50:00","EDT","MHK VL",61756,778.6
"04/03/2010 18:50:00","EDT","MILLWD",61759,295.9
"04/03/2010 18:50:00","EDT","N.Y.C.",61761,5359.9
"04/03/2010 18:50:00","EDT","NORTH",61755,437.7
"04/03/2010 18:50:00","EDT","WEST",61752,1667.4
"04/03/2010 18:55:00","EDT","CAPITL",61757,1084.9
"04/03/2010 18:55:00","EDT","CENTRL",61754,1691.9
"04/03/2010 18:55:00","EDT","DUNWOD",61760,558.5
"04/03/2010 18:55:00","EDT","GENESE",61753,1060.3
"04/03/2010 18:55:00","EDT","HUD VL",61758,1035.3
"04/03/2010 18:55:00","EDT","LONGIL",61762,2303.8
"04/03/2010 18:55:00","EDT","MHK VL",61756,789
"04/03/2010 18:55:00","EDT","MILLWD",61759,285.1
"04/03/2010 18:55:00","EDT","N.Y.C.",61761,5355.9
"04/03/2010 18:55:00","EDT","NORTH",61755,441.1
"04/03/2010 18:55:00","EDT","WEST",61752,1664.3
"04/03/2010 19:00:00","EDT","CAPITL",61757,1082.1
"04/03/2010 19:00:00","EDT","CENTRL",61754,1686.6
"04/03/2010 19:00:00","EDT","DUNWOD",61760,558.1
"04/03/2010 19:00:00","EDT","GENESE",61753,1058.2
"04/03/2010 19:00:00","EDT","HUD VL",61758,1029.9
"04/03/2010 19:00:00","EDT","LONGIL",61762,2292.5
"04/03/2010 19:00:00","EDT","MHK VL",61756,791.6
"04/03/2010 19:00:00","EDT","MILLWD",61759,301.6
"04/03/2010 19:00:00","EDT","N.Y.C.",61761,5363.2
"04/03/2010 19:00:00","EDT","NORTH",61755,443
"04/03/2010 19:00:00","EDT","WEST",61752,1672.6
"04/03/2010 19:05:00","EDT","CAPITL",61757,1101.1
"04/03/2010 19:05:00","EDT","CENTRL",61754,1695.4
"04/03/2010 19:05:00","EDT","DUNWOD",61760,540.2
"04/03/2010 19:05:00","EDT","GENESE",61753,1060
"04/03/2010 19:05:00","EDT","HUD VL",61758,1044.8
"04/03/2010 19:05:00","EDT","LONGIL",61762,2310.4
"04/03/2010 19:05:00","EDT","MHK VL",61756,794.8
"04/03/2010 19:05:00","EDT","MILLWD",61759,308.8
"04/03/2010 19:05:00","EDT","N.Y.C.",61761,5403.6
"04/03/2010 19:05:00","EDT","NORTH",61755,438.6
"04/03/2010 19:05:00","EDT","WEST",61752,1676.9
"04/03/2010 19:10:00","EDT","CAPITL",61757,1111
"04/03/2010 19:10:00","EDT","CENTRL",61754,1680.8
"04/03/2010 19:10:00","EDT","DUNWOD",61760,545.5
"04/03/2010 19:10:00","EDT","GENESE",61753,1060.9
"04/03/2010 19:10:00","EDT","HUD VL",61758,1042.7
"04/03/2010 19:10:00","EDT","LONGIL",61762,2317.3
"04/03/2010 19:10:00","EDT","MHK VL",61756,794.7
"04/03/2010 19:10:00","EDT","MILLWD",61759,323.3
"04/03/2010 19:10:00","EDT","N.Y.C.",61761,5405.5
"04/03/2010 19:10:00","EDT","NORTH",61755,441.3
"04/03/2010 19:10:00","EDT","WEST",61752,1661.9
"04/03/2010 19:15:00","EDT","CAPITL",61757,1109
"04/03/2010 19:15:00","EDT","CENTRL",61754,1696.5
"04/03/2010 19:15:00","EDT","DUNWOD",61760,563.5
"04/03/2010 19:15:00","EDT","GENESE",61753,1053.6
"04/03/2010 19:15:00","EDT","HUD VL",61758,1071
"04/03/2010 19:15:00","EDT","LONGIL",61762,2343.1
"04/03/2010 19:15:00","EDT","MHK VL",61756,798.2
"04/03/2010 19:15:00","EDT","MILLWD",61759,312
"04/03/2010 19:15:00","EDT","N.Y.C.",61761,5409.2
"04/03/2010 19:15:00","EDT","NORTH",61755,436.7
"04/03/2010 19:15:00","EDT","WEST",61752,1666.2
"04/03/2010 19:20:00","EDT","CAPITL",61757,1132.3
"04/03/2010 19:20:00","EDT","CENTRL",61754,1706.8
"04/03/2010 19:20:00","EDT","DUNWOD",61760,571.2
"04/03/2010 19:20:00","EDT","GENESE",61753,1056.8
"04/03/2010 19:20:00","EDT","HUD VL",61758,1062.9
"04/03/2010 19:20:00","EDT","LONGIL",61762,2360.9
"04/03/2010 19:20:00","EDT","MHK VL",61756,803.2
"04/03/2010 19:20:00","EDT","MILLWD",61759,315
"04/03/2010 19:20:00","EDT","N.Y.C.",61761,5445.9
"04/03/2010 19:20:00","EDT","NORTH",61755,432.4
"04/03/2010 19:20:00","EDT","WEST",61752,1647
"04/03/2010 19:25:00","EDT","CAPITL",61757,1129.1
"04/03/2010 19:25:00","EDT","CENTRL",61754,1718.5
"04/03/2010 19:25:00","EDT","DUNWOD",61760,564.1
"04/03/2010 19:25:00","EDT","GENESE",61753,1052.9
"04/03/2010 19:25:00","EDT","HUD VL",61758,1065
"04/03/2010 19:25:00","EDT","LONGIL",61762,2380.2
"04/03/2010 19:25:00","EDT","MHK VL",61756,807.4
"04/03/2010 19:25:00","EDT","MILLWD",61759,338.1
"04/03/2010 19:25:00","EDT","N.Y.C.",61761,5459.5
"04/03/2010 19:25:00","EDT","NORTH",61755,434.2
"04/03/2010 19:25:00","EDT","WEST",61752,1655
"04/03/2010 19:30:00","EDT","CAPITL",61757,1134.8
"04/03/2010 19:30:00","EDT","CENTRL",61754,1668
"04/03/2010 19:30:00","EDT","DUNWOD",61760,575.5
"04/03/2010 19:30:00","EDT","GENESE",61753,1066.9
"04/03/2010 19:30:00","EDT","HUD VL",61758,1099.9
"04/03/2010 19:30:00","EDT","LONGIL",61762,2422.8
"04/03/2010 19:30:00","EDT","MHK VL",61756,822.6
"04/03/2010 19:30:00","EDT","MILLWD",61759,325.7
"04/03/2010 19:30:00","EDT","N.Y.C.",61761,5493.3
"04/03/2010 19:30:00","EDT","NORTH",61755,446.3
"04/03/2010 19:30:00","EDT","WEST",61752,1666.7
"04/03/2010 19:35:00","EDT","CAPITL",61757,1153.8
"04/03/2010 19:35:00","EDT","CENTRL",61754,1681
"04/03/2010 19:35:00","EDT","DUNWOD",61760,585
"04/03/2010 19:35:00","EDT","GENESE",61753,1072.4
"04/03/2010 19:35:00","EDT","HUD VL",61758,1080.1
"04/03/2010 19:35:00","EDT","LONGIL",61762,2467.3
"04/03/2010 19:35:00","EDT","MHK VL",61756,847.4
"04/03/2010 19:35:00","EDT","MILLWD",61759,348.5
"04/03/2010 19:35:00","EDT","N.Y.C.",61761,5529.6
"04/03/2010 19:35:00","EDT","NORTH",61755,448.1
"04/03/2010 19:35:00","EDT","WEST",61752,1682.8
"04/03/2010 19:40:00","EDT","CAPITL",61757,1167.2
"04/03/2010 19:40:00","EDT","CENTRL",61754,1710.1
"04/03/2010 19:40:00","EDT","DUNWOD",61760,596.6
"04/03/2010 19:40:00","EDT","GENESE",61753,1084.6
"04/03/2010 19:40:00","EDT","HUD VL",61758,1109.3
"04/03/2010 19:40:00","EDT","LONGIL",61762,2469.3
"04/03/2010 19:40:00","EDT","MHK VL",61756,830.8
"04/03/2010 19:40:00","EDT","MILLWD",61759,328.3
"04/03/2010 19:40:00","EDT","N.Y.C.",61761,5532.5
"04/03/2010 19:40:00","EDT","NORTH",61755,449.9
"04/03/2010 19:40:00","EDT","WEST",61752,1678.4
"04/03/2010 19:45:00","EDT","CAPITL",61757,1173.9
"04/03/2010 19:45:00","EDT","CENTRL",61754,1718.5
"04/03/2010 19:45:00","EDT","DUNWOD",61760,599.4
"04/03/2010 19:45:00","EDT","GENESE",61753,1093.6
"04/03/2010 19:45:00","EDT","HUD VL",61758,1094.2
"04/03/2010 19:45:00","EDT","LONGIL",61762,2479.3
"04/03/2010 19:45:00","EDT","MHK VL",61756,845.7
"04/03/2010 19:45:00","EDT","MILLWD",61759,349.4
"04/03/2010 19:45:00","EDT","N.Y.C.",61761,5556.2
"04/03/2010 19:45:00","EDT","NORTH",61755,457.5
"04/03/2010 19:45:00","EDT","WEST",61752,1690.6
"04/03/2010 19:50:00","EDT","CAPITL",61757,1171.7
"04/03/2010 19:50:00","EDT","CENTRL",61754,1746.5
"04/03/2010 19:50:00","EDT","DUNWOD",61760,616.9
"04/03/2010 19:50:00","EDT","GENESE",61753,1105
"04/03/2010 19:50:00","EDT","HUD VL",61758,1139.2
"04/03/2010 19:50:00","EDT","LONGIL",61762,2471
"04/03/2010 19:50:00","EDT","MHK VL",61756,846.4
"04/03/2010 19:50:00","EDT","MILLWD",61759,330.6
"04/03/2010 19:50:00","EDT","N.Y.C.",61761,5559.8
"04/03/2010 19:50:00","EDT","NORTH",61755,446.9
"04/03/2010 19:50:00","EDT","WEST",61752,1684.6
"04/03/2010 19:55:00","EDT","CAPITL",61757,1178.1
"04/03/2010 19:55:00","EDT","CENTRL",61754,1763
"04/03/2010 19:55:00","EDT","DUNWOD",61760,625.9
"04/03/2010 19:55:00","EDT","GENESE",61753,1119.8
"04/03/2010 19:55:00","EDT","HUD VL",61758,1111.8
"04/03/2010 19:55:00","EDT","LONGIL",61762,2486.2
"04/03/2010 19:55:00","EDT","MHK VL",61756,847.2
"04/03/2010 19:55:00","EDT","MILLWD",61759,320.7
"04/03/2010 19:55:00","EDT","N.Y.C.",61761,5570
"04/03/2010 19:55:00","EDT","NORTH",61755,453.9
"04/03/2010 19:55:00","EDT","WEST",61752,1700.7
"04/03/2010 20:00:00","EDT","CAPITL",61757,1184.9
"04/03/2010 20:00:00","EDT","CENTRL",61754,1750.5
"04/03/2010 20:00:00","EDT","DUNWOD",61760,611.4
"04/03/2010 20:00:00","EDT","GENESE",61753,1126.8
"04/03/2010 20:00:00","EDT","HUD VL",61758,1113.4
"04/03/2010 20:00:00","EDT","LONGIL",61762,2479.4
"04/03/2010 20:00:00","EDT","MHK VL",61756,846
"04/03/2010 20:00:00","EDT","MILLWD",61759,342
"04/03/2010 20:00:00","EDT","N.Y.C.",61761,5582.9
"04/03/2010 20:00:00","EDT","NORTH",61755,447.1
"04/03/2010 20:00:00","EDT","WEST",61752,1708.4
"04/03/2010 20:05:00","EDT","CAPITL",61757,1177.3
"04/03/2010 20:05:00","EDT","CENTRL",61754,1761.9
"04/03/2010 20:05:00","EDT","DUNWOD",61760,591.8
"04/03/2010 20:05:00","EDT","GENESE",61753,1125.1
"04/03/2010 20:05:00","EDT","HUD VL",61758,1124.4
"04/03/2010 20:05:00","EDT","LONGIL",61762,2503.3
"04/03/2010 20:05:00","EDT","MHK VL",61756,860.3
"04/03/2010 20:05:00","EDT","MILLWD",61759,357.3
"04/03/2010 20:05:00","EDT","N.Y.C.",61761,5580.1
"04/03/2010 20:05:00","EDT","NORTH",61755,450.6
"04/03/2010 20:05:00","EDT","WEST",61752,1717.9
"04/03/2010 20:10:00","EDT","CAPITL",61757,1180.4
"04/03/2010 20:10:00","EDT","CENTRL",61754,1761.1
"04/03/2010 20:10:00","EDT","DUNWOD",61760,588.7
"04/03/2010 20:10:00","EDT","GENESE",61753,1131
"04/03/2010 20:10:00","EDT","HUD VL",61758,1129.7
"04/03/2010 20:10:00","EDT","LONGIL",61762,2478.9
"04/03/2010 20:10:00","EDT","MHK VL",61756,864.9
"04/03/2010 20:10:00","EDT","MILLWD",61759,346.3
"04/03/2010 20:10:00","EDT","N.Y.C.",61761,5556
"04/03/2010 20:10:00","EDT","NORTH",61755,469
"04/03/2010 20:10:00","EDT","WEST",61752,1686.8
"04/03/2010 20:15:00","EDT","CAPITL",61757,1184.8
"04/03/2010 20:15:00","EDT","CENTRL",61754,1764.3
"04/03/2010 20:15:00","EDT","DUNWOD",61760,592.6
"04/03/2010 20:15:00","EDT","GENESE",61753,1129.4
"04/03/2010 20:15:00","EDT","HUD VL",61758,1149.9
"04/03/2010 20:15:00","EDT","LONGIL",61762,2472.7
"04/03/2010 20:15:00","EDT","MHK VL",61756,856.2
"04/03/2010 20:15:00","EDT","MILLWD",61759,352.8
"04/03/2010 20:15:00","EDT","N.Y.C.",61761,5562.4
"04/03/2010 20:15:00","EDT","NORTH",61755,439.5
"04/03/2010 20:15:00","EDT","WEST",61752,1703.1
"04/03/2010 20:20:00","EDT","CAPITL",61757,1185.2
"04/03/2010 20:20:00","EDT","CENTRL",61754,1803
"04/03/2010 20:20:00","EDT","DUNWOD",61760,622.9
"04/03/2010 20:20:00","EDT","GENESE",61753,1128.7
"04/03/2010 20:20:00","EDT","HUD VL",61758,1128.8
"04/03/2010 20:20:00","EDT","LONGIL",61762,2466.7
"04/03/2010 20:20:00","EDT","MHK VL",61756,849.1
"04/03/2010 20:20:00","EDT","MILLWD",61759,331.1
"04/03/2010 20:20:00","EDT","N.Y.C.",61761,5523
"04/03/2010 20:20:00","EDT","NORTH",61755,455.5
"04/03/2010 20:20:00","EDT","WEST",61752,1717.1
"04/03/2010 20:25:00","EDT","CAPITL",61757,1181.5
"04/03/2010 20:25:00","EDT","CENTRL",61754,1808.3
"04/03/2010 20:25:00","EDT","DUNWOD",61760,608.3
"04/03/2010 20:25:00","EDT","GENESE",61753,1125
"04/03/2010 20:25:00","EDT","HUD VL",61758,1120.2
"04/03/2010 20:25:00","EDT","LONGIL",61762,2478
"04/03/2010 20:25:00","EDT","MHK VL",61756,851
"04/03/2010 20:25:00","EDT","MILLWD",61759,352
"04/03/2010 20:25:00","EDT","N.Y.C.",61761,5540.9
"04/03/2010 20:25:00","EDT","NORTH",61755,445.5
"04/03/2010 20:25:00","EDT","WEST",61752,1715.4
"04/03/2010 20:30:00","EDT","CAPITL",61757,1175.1
"04/03/2010 20:30:00","EDT","CENTRL",61754,1758
"04/03/2010 20:30:00","EDT","DUNWOD",61760,621.1
"04/03/2010 20:30:00","EDT","GENESE",61753,1112
"04/03/2010 20:30:00","EDT","HUD VL",61758,1144.4
"04/03/2010 20:30:00","EDT","LONGIL",61762,2464.1
"04/03/2010 20:30:00","EDT","MHK VL",61756,853.5
"04/03/2010 20:30:00","EDT","MILLWD",61759,317.8
"04/03/2010 20:30:00","EDT","N.Y.C.",61761,5526.4
"04/03/2010 20:30:00","EDT","NORTH",61755,450.7
"04/03/2010 20:30:00","EDT","WEST",61752,1720
"04/03/2010 20:35:00","EDT","CAPITL",61757,1157.6
"04/03/2010 20:35:00","EDT","CENTRL",61754,1791.4
"04/03/2010 20:35:00","EDT","DUNWOD",61760,592.4
"04/03/2010 20:35:00","EDT","GENESE",61753,1108.4
"04/03/2010 20:35:00","EDT","HUD VL",61758,1129.5
"04/03/2010 20:35:00","EDT","LONGIL",61762,2461.9
"04/03/2010 20:35:00","EDT","MHK VL",61756,859.1
"04/03/2010 20:35:00","EDT","MILLWD",61759,352.3
"04/03/2010 20:35:00","EDT","N.Y.C.",61761,5530.4
"04/03/2010 20:35:00","EDT","NORTH",61755,435.3
"04/03/2010 20:35:00","EDT","WEST",61752,1698.4
"04/03/2010 20:40:00","EDT","CAPITL",61757,1167.3
"04/03/2010 20:40:00","EDT","CENTRL",61754,1801.4
"04/03/2010 20:40:00","EDT","DUNWOD",61760,598.2
"04/03/2010 20:40:00","EDT","GENESE",61753,1118
"04/03/2010 20:40:00","EDT","HUD VL",61758,1113.3
"04/03/2010 20:40:00","EDT","LONGIL",61762,2481.3
"04/03/2010 20:40:00","EDT","MHK VL",61756,838.1
"04/03/2010 20:40:00","EDT","MILLWD",61759,333.3
"04/03/2010 20:40:00","EDT","N.Y.C.",61761,5543.7
"04/03/2010 20:40:00","EDT","NORTH",61755,446.8
"04/03/2010 20:40:00","EDT","WEST",61752,1708.5
"04/03/2010 20:45:00","EDT","CAPITL",61757,1162.2
"04/03/2010 20:45:00","EDT","CENTRL",61754,1806.4
"04/03/2010 20:45:00","EDT","DUNWOD",61760,602.7
"04/03/2010 20:45:00","EDT","GENESE",61753,1108.9
"04/03/2010 20:45:00","EDT","HUD VL",61758,1119.1
"04/03/2010 20:45:00","EDT","LONGIL",61762,2451.7
"04/03/2010 20:45:00","EDT","MHK VL",61756,848.6
"04/03/2010 20:45:00","EDT","MILLWD",61759,323.8
"04/03/2010 20:45:00","EDT","N.Y.C.",61761,5541.2
"04/03/2010 20:45:00","EDT","NORTH",61755,441.8
"04/03/2010 20:45:00","EDT","WEST",61752,1704.5
"04/03/2010 20:50:00","EDT","CAPITL",61757,1162.4
"04/03/2010 20:50:00","EDT","CENTRL",61754,1753.8
"04/03/2010 20:50:00","EDT","DUNWOD",61760,587.5
"04/03/2010 20:50:00","EDT","GENESE",61753,1110.1
"04/03/2010 20:50:00","EDT","HUD VL",61758,1109.7
"04/03/2010 20:50:00","EDT","LONGIL",61762,2455.2
"04/03/2010 20:50:00","EDT","MHK VL",61756,848
"04/03/2010 20:50:00","EDT","MILLWD",61759,344.6
"04/03/2010 20:50:00","EDT","N.Y.C.",61761,5503.2
"04/03/2010 20:50:00","EDT","NORTH",61755,452
"04/03/2010 20:50:00","EDT","WEST",61752,1712.4
"04/03/2010 20:55:00","EDT","CAPITL",61757,1158.4
"04/03/2010 20:55:00","EDT","CENTRL",61754,1774.1
"04/03/2010 20:55:00","EDT","DUNWOD",61760,604.8
"04/03/2010 20:55:00","EDT","GENESE",61753,1105.6
"04/03/2010 20:55:00","EDT","HUD VL",61758,1118
"04/03/2010 20:55:00","EDT","LONGIL",61762,2471.6
"04/03/2010 20:55:00","EDT","MHK VL",61756,847.9
"04/03/2010 20:55:00","EDT","MILLWD",61759,324.8
"04/03/2010 20:55:00","EDT","N.Y.C.",61761,5493.2
"04/03/2010 20:55:00","EDT","NORTH",61755,447.9
"04/03/2010 20:55:00","EDT","WEST",61752,1704.4
"04/03/2010 21:00:00","EDT","CAPITL",61757,1166
"04/03/2010 21:00:00","EDT","CENTRL",61754,1724.3
"04/03/2010 21:00:00","EDT","DUNWOD",61760,608.9
"04/03/2010 21:00:00","EDT","GENESE",61753,1108.2
"04/03/2010 21:00:00","EDT","HUD VL",61758,1114.5
"04/03/2010 21:00:00","EDT","LONGIL",61762,2455.4
"04/03/2010 21:00:00","EDT","MHK VL",61756,847.7
"04/03/2010 21:00:00","EDT","MILLWD",61759,316.4
"04/03/2010 21:00:00","EDT","N.Y.C.",61761,5478.1
"04/03/2010 21:00:00","EDT","NORTH",61755,444.6
"04/03/2010 21:00:00","EDT","WEST",61752,1691.5
"04/03/2010 21:05:00","EDT","CAPITL",61757,1145.8
"04/03/2010 21:05:00","EDT","CENTRL",61754,1747.7
"04/03/2010 21:05:00","EDT","DUNWOD",61760,612.7
"04/03/2010 21:05:00","EDT","GENESE",61753,1092.9
"04/03/2010 21:05:00","EDT","HUD VL",61758,1116.4
"04/03/2010 21:05:00","EDT","LONGIL",61762,2454.3
"04/03/2010 21:05:00","EDT","MHK VL",61756,834
"04/03/2010 21:05:00","EDT","MILLWD",61759,314.9
"04/03/2010 21:05:00","EDT","N.Y.C.",61761,5494.7
"04/03/2010 21:05:00","EDT","NORTH",61755,454.9
"04/03/2010 21:05:00","EDT","WEST",61752,1687
"04/03/2010 21:10:00","EDT","CAPITL",61757,1146.4
"04/03/2010 21:10:00","EDT","CENTRL",61754,1733.1
"04/03/2010 21:10:00","EDT","DUNWOD",61760,595.8
"04/03/2010 21:10:00","EDT","GENESE",61753,1085.7
"04/03/2010 21:10:00","EDT","HUD VL",61758,1106.7
"04/03/2010 21:10:00","EDT","LONGIL",61762,2435.2
"04/03/2010 21:10:00","EDT","MHK VL",61756,841.7
"04/03/2010 21:10:00","EDT","MILLWD",61759,329.4
"04/03/2010 21:10:00","EDT","N.Y.C.",61761,5467.5
"04/03/2010 21:10:00","EDT","NORTH",61755,436.7
"04/03/2010 21:10:00","EDT","WEST",61752,1692.4
"04/03/2010 21:15:00","EDT","CAPITL",61757,1133.9
"04/03/2010 21:15:00","EDT","CENTRL",61754,1717.9
"04/03/2010 21:15:00","EDT","DUNWOD",61760,595.9
"04/03/2010 21:15:00","EDT","GENESE",61753,1078.5
"04/03/2010 21:15:00","EDT","HUD VL",61758,1092.7
"04/03/2010 21:15:00","EDT","LONGIL",61762,2428.7
"04/03/2010 21:15:00","EDT","MHK VL",61756,845.7
"04/03/2010 21:15:00","EDT","MILLWD",61759,334.1
"04/03/2010 21:15:00","EDT","N.Y.C.",61761,5474.2
"04/03/2010 21:15:00","EDT","NORTH",61755,440.8
"04/03/2010 21:15:00","EDT","WEST",61752,1691.5
"04/03/2010 21:20:00","EDT","CAPITL",61757,1144
"04/03/2010 21:20:00","EDT","CENTRL",61754,1728
"04/03/2010 21:20:00","EDT","DUNWOD",61760,600.1
"04/03/2010 21:20:00","EDT","GENESE",61753,1072.4
"04/03/2010 21:20:00","EDT","HUD VL",61758,1097.1
"04/03/2010 21:20:00","EDT","LONGIL",61762,2412.1
"04/03/2010 21:20:00","EDT","MHK VL",61756,822.4
"04/03/2010 21:20:00","EDT","MILLWD",61759,320.1
"04/03/2010 21:20:00","EDT","N.Y.C.",61761,5454.3
"04/03/2010 21:20:00","EDT","NORTH",61755,441.4
"04/03/2010 21:20:00","EDT","WEST",61752,1684.4
"04/03/2010 21:25:00","EDT","CAPITL",61757,1133.7
"04/03/2010 21:25:00","EDT","CENTRL",61754,1708.2
"04/03/2010 21:25:00","EDT","DUNWOD",61760,593
"04/03/2010 21:25:00","EDT","GENESE",61753,1077
"04/03/2010 21:25:00","EDT","HUD VL",61758,1097.4
"04/03/2010 21:25:00","EDT","LONGIL",61762,2408.9
"04/03/2010 21:25:00","EDT","MHK VL",61756,824.5
"04/03/2010 21:25:00","EDT","MILLWD",61759,321.2
"04/03/2010 21:25:00","EDT","N.Y.C.",61761,5443.8
"04/03/2010 21:25:00","EDT","NORTH",61755,435.2
"04/03/2010 21:25:00","EDT","WEST",61752,1683.6
"04/03/2010 21:30:00","EDT","CAPITL",61757,1138.9
"04/03/2010 21:30:00","EDT","CENTRL",61754,1707.9
"04/03/2010 21:30:00","EDT","DUNWOD",61760,585
"04/03/2010 21:30:00","EDT","GENESE",61753,1068.7
"04/03/2010 21:30:00","EDT","HUD VL",61758,1086.1
"04/03/2010 21:30:00","EDT","LONGIL",61762,2404.3
"04/03/2010 21:30:00","EDT","MHK VL",61756,805.8
"04/03/2010 21:30:00","EDT","MILLWD",61759,329.9
"04/03/2010 21:30:00","EDT","N.Y.C.",61761,5440.1
"04/03/2010 21:30:00","EDT","NORTH",61755,433.1
"04/03/2010 21:30:00","EDT","WEST",61752,1667.2
"04/03/2010 21:35:00","EDT","CAPITL",61757,1125.6
"04/03/2010 21:35:00","EDT","CENTRL",61754,1693.2
"04/03/2010 21:35:00","EDT","DUNWOD",61760,579.2
"04/03/2010 21:35:00","EDT","GENESE",61753,1060
"04/03/2010 21:35:00","EDT","HUD VL",61758,1078.5
"04/03/2010 21:35:00","EDT","LONGIL",61762,2400.9
"04/03/2010 21:35:00","EDT","MHK VL",61756,813.4
"04/03/2010 21:35:00","EDT","MILLWD",61759,339.2
"04/03/2010 21:35:00","EDT","N.Y.C.",61761,5419.9
"04/03/2010 21:35:00","EDT","NORTH",61755,437.5
"04/03/2010 21:35:00","EDT","WEST",61752,1669.2
"04/03/2010 21:40:00","EDT","CAPITL",61757,1116.8
"04/03/2010 21:40:00","EDT","CENTRL",61754,1673
"04/03/2010 21:40:00","EDT","DUNWOD",61760,590.8
"04/03/2010 21:40:00","EDT","GENESE",61753,1051.5
"04/03/2010 21:40:00","EDT","HUD VL",61758,1078.7
"04/03/2010 21:40:00","EDT","LONGIL",61762,2395.3
"04/03/2010 21:40:00","EDT","MHK VL",61756,811.1
"04/03/2010 21:40:00","EDT","MILLWD",61759,323
"04/03/2010 21:40:00","EDT","N.Y.C.",61761,5422.7
"04/03/2010 21:40:00","EDT","NORTH",61755,432.6
"04/03/2010 21:40:00","EDT","WEST",61752,1654.6
"04/03/2010 21:45:00","EDT","CAPITL",61757,1108
"04/03/2010 21:45:00","EDT","CENTRL",61754,1664.1
"04/03/2010 21:45:00","EDT","DUNWOD",61760,578.6
"04/03/2010 21:45:00","EDT","GENESE",61753,1044.3
"04/03/2010 21:45:00","EDT","HUD VL",61758,1068.4
"04/03/2010 21:45:00","EDT","LONGIL",61762,2380.9
"04/03/2010 21:45:00","EDT","MHK VL",61756,810.2
"04/03/2010 21:45:00","EDT","MILLWD",61759,316.8
"04/03/2010 21:45:00","EDT","N.Y.C.",61761,5412.2
"04/03/2010 21:45:00","EDT","NORTH",61755,451.5
"04/03/2010 21:45:00","EDT","WEST",61752,1662.4
"04/03/2010 21:50:00","EDT","CAPITL",61757,1098.4
"04/03/2010 21:50:00","EDT","CENTRL",61754,1657.6
"04/03/2010 21:50:00","EDT","DUNWOD",61760,565.6
"04/03/2010 21:50:00","EDT","GENESE",61753,1037.2
"04/03/2010 21:50:00","EDT","HUD VL",61758,1059
"04/03/2010 21:50:00","EDT","LONGIL",61762,2359.4
"04/03/2010 21:50:00","EDT","MHK VL",61756,810.7
"04/03/2010 21:50:00","EDT","MILLWD",61759,323.4
"04/03/2010 21:50:00","EDT","N.Y.C.",61761,5397.5
"04/03/2010 21:50:00","EDT","NORTH",61755,427.7
"04/03/2010 21:50:00","EDT","WEST",61752,1642.6
"04/03/2010 21:55:00","EDT","CAPITL",61757,1076.4
"04/03/2010 21:55:00","EDT","CENTRL",61754,1637.8
"04/03/2010 21:55:00","EDT","DUNWOD",61760,565.9
"04/03/2010 21:55:00","EDT","GENESE",61753,1026.6
"04/03/2010 21:55:00","EDT","HUD VL",61758,1061.6
"04/03/2010 21:55:00","EDT","LONGIL",61762,2359.8
"04/03/2010 21:55:00","EDT","MHK VL",61756,800.4
"04/03/2010 21:55:00","EDT","MILLWD",61759,330.9
"04/03/2010 21:55:00","EDT","N.Y.C.",61761,5371.5
"04/03/2010 21:55:00","EDT","NORTH",61755,433.2
"04/03/2010 21:55:00","EDT","WEST",61752,1640.1
"04/03/2010 22:00:00","EDT","CAPITL",61757,1081.4
"04/03/2010 22:00:00","EDT","CENTRL",61754,1690.6
"04/03/2010 22:00:00","EDT","DUNWOD",61760,569.4
"04/03/2010 22:00:00","EDT","GENESE",61753,1010.5
"04/03/2010 22:00:00","EDT","HUD VL",61758,1060.5
"04/03/2010 22:00:00","EDT","LONGIL",61762,2333.7
"04/03/2010 22:00:00","EDT","MHK VL",61756,790.9
"04/03/2010 22:00:00","EDT","MILLWD",61759,309.7
"04/03/2010 22:00:00","EDT","N.Y.C.",61761,5352.9
"04/03/2010 22:00:00","EDT","NORTH",61755,432.1
"04/03/2010 22:00:00","EDT","WEST",61752,1628.2
"04/03/2010 22:05:00","EDT","CAPITL",61757,1065.9
"04/03/2010 22:05:00","EDT","CENTRL",61754,1679.1
"04/03/2010 22:05:00","EDT","DUNWOD",61760,575.2
"04/03/2010 22:05:00","EDT","GENESE",61753,1013.5
"04/03/2010 22:05:00","EDT","HUD VL",61758,1046.9
"04/03/2010 22:05:00","EDT","LONGIL",61762,2320
"04/03/2010 22:05:00","EDT","MHK VL",61756,787.3
"04/03/2010 22:05:00","EDT","MILLWD",61759,307.3
"04/03/2010 22:05:00","EDT","N.Y.C.",61761,5345.3
"04/03/2010 22:05:00","EDT","NORTH",61755,433.5
"04/03/2010 22:05:00","EDT","WEST",61752,1621.6
"04/03/2010 22:10:00","EDT","CAPITL",61757,1053
"04/03/2010 22:10:00","EDT","CENTRL",61754,1668.2
"04/03/2010 22:10:00","EDT","DUNWOD",61760,565.4
"04/03/2010 22:10:00","EDT","GENESE",61753,1004.3
"04/03/2010 22:10:00","EDT","HUD VL",61758,1025.5
"04/03/2010 22:10:00","EDT","LONGIL",61762,2301.2
"04/03/2010 22:10:00","EDT","MHK VL",61756,776.1
"04/03/2010 22:10:00","EDT","MILLWD",61759,328.5
"04/03/2010 22:10:00","EDT","N.Y.C.",61761,5298.7
"04/03/2010 22:10:00","EDT","NORTH",61755,435.9
"04/03/2010 22:10:00","EDT","WEST",61752,1622.7
"04/03/2010 22:15:00","EDT","CAPITL",61757,1048.7
"04/03/2010 22:15:00","EDT","CENTRL",61754,1613.2
"04/03/2010 22:15:00","EDT","DUNWOD",61760,555.4
"04/03/2010 22:15:00","EDT","GENESE",61753,992.6
"04/03/2010 22:15:00","EDT","HUD VL",61758,1042
"04/03/2010 22:15:00","EDT","LONGIL",61762,2300.3
"04/03/2010 22:15:00","EDT","MHK VL",61756,752.9
"04/03/2010 22:15:00","EDT","MILLWD",61759,319.1
"04/03/2010 22:15:00","EDT","N.Y.C.",61761,5297.6
"04/03/2010 22:15:00","EDT","NORTH",61755,420.3
"04/03/2010 22:15:00","EDT","WEST",61752,1619.2
"04/03/2010 22:20:00","EDT","CAPITL",61757,1052
"04/03/2010 22:20:00","EDT","CENTRL",61754,1608.8
"04/03/2010 22:20:00","EDT","DUNWOD",61760,577.6
"04/03/2010 22:20:00","EDT","GENESE",61753,991.7
"04/03/2010 22:20:00","EDT","HUD VL",61758,1036.5
"04/03/2010 22:20:00","EDT","LONGIL",61762,2285.7
"04/03/2010 22:20:00","EDT","MHK VL",61756,766.8
"04/03/2010 22:20:00","EDT","MILLWD",61759,293.3
"04/03/2010 22:20:00","EDT","N.Y.C.",61761,5258.1
"04/03/2010 22:20:00","EDT","NORTH",61755,434.7
"04/03/2010 22:20:00","EDT","WEST",61752,1621.6
"04/03/2010 22:25:00","EDT","CAPITL",61757,1041.1
"04/03/2010 22:25:00","EDT","CENTRL",61754,1626.8
"04/03/2010 22:25:00","EDT","DUNWOD",61760,563
"04/03/2010 22:25:00","EDT","GENESE",61753,983.4
"04/03/2010 22:25:00","EDT","HUD VL",61758,1020.2
"04/03/2010 22:25:00","EDT","LONGIL",61762,2267.1
"04/03/2010 22:25:00","EDT","MHK VL",61756,748.4
"04/03/2010 22:25:00","EDT","MILLWD",61759,306.6
"04/03/2010 22:25:00","EDT","N.Y.C.",61761,5250.3
"04/03/2010 22:25:00","EDT","NORTH",61755,430
"04/03/2010 22:25:00","EDT","WEST",61752,1607.8
"04/03/2010 22:30:00","EDT","CAPITL",61757,1047.6
"04/03/2010 22:30:00","EDT","CENTRL",61754,1590.2
"04/03/2010 22:30:00","EDT","DUNWOD",61760,559.8
"04/03/2010 22:30:00","EDT","GENESE",61753,979.8
"04/03/2010 22:30:00","EDT","HUD VL",61758,1035.5
"04/03/2010 22:30:00","EDT","LONGIL",61762,2257.7
"04/03/2010 22:30:00","EDT","MHK VL",61756,748
"04/03/2010 22:30:00","EDT","MILLWD",61759,304
"04/03/2010 22:30:00","EDT","N.Y.C.",61761,5251.4
"04/03/2010 22:30:00","EDT","NORTH",61755,417.2
"04/03/2010 22:30:00","EDT","WEST",61752,1571.6
"04/03/2010 22:35:00","EDT","CAPITL",61757,1028.1
"04/03/2010 22:35:00","EDT","CENTRL",61754,1610
"04/03/2010 22:35:00","EDT","DUNWOD",61760,565.9
"04/03/2010 22:35:00","EDT","GENESE",61753,967.1
"04/03/2010 22:35:00","EDT","HUD VL",61758,1023.6
"04/03/2010 22:35:00","EDT","LONGIL",61762,2234.4
"04/03/2010 22:35:00","EDT","MHK VL",61756,746.6
"04/03/2010 22:35:00","EDT","MILLWD",61759,296.4
"04/03/2010 22:35:00","EDT","N.Y.C.",61761,5228.5
"04/03/2010 22:35:00","EDT","NORTH",61755,416.1
"04/03/2010 22:35:00","EDT","WEST",61752,1565.7
"04/03/2010 22:40:00","EDT","CAPITL",61757,1000.8
"04/03/2010 22:40:00","EDT","CENTRL",61754,1616.8
"04/03/2010 22:40:00","EDT","DUNWOD",61760,582.5
"04/03/2010 22:40:00","EDT","GENESE",61753,957.1
"04/03/2010 22:40:00","EDT","HUD VL",61758,995.7
"04/03/2010 22:40:00","EDT","LONGIL",61762,2225
"04/03/2010 22:40:00","EDT","MHK VL",61756,733.5
"04/03/2010 22:40:00","EDT","MILLWD",61759,282.9
"04/03/2010 22:40:00","EDT","N.Y.C.",61761,5226.8
"04/03/2010 22:40:00","EDT","NORTH",61755,420.6
"04/03/2010 22:40:00","EDT","WEST",61752,1570.4
"04/03/2010 22:45:00","EDT","CAPITL",61757,1000.2
"04/03/2010 22:45:00","EDT","CENTRL",61754,1586.3
"04/03/2010 22:45:00","EDT","DUNWOD",61760,568.2
"04/03/2010 22:45:00","EDT","GENESE",61753,958
"04/03/2010 22:45:00","EDT","HUD VL",61758,1019.1
"04/03/2010 22:45:00","EDT","LONGIL",61762,2205.4
"04/03/2010 22:45:00","EDT","MHK VL",61756,730
"04/03/2010 22:45:00","EDT","MILLWD",61759,272.4
"04/03/2010 22:45:00","EDT","N.Y.C.",61761,5216.2
"04/03/2010 22:45:00","EDT","NORTH",61755,418.7
"04/03/2010 22:45:00","EDT","WEST",61752,1540.1
"04/03/2010 22:50:00","EDT","CAPITL",61757,983.1
"04/03/2010 22:50:00","EDT","CENTRL",61754,1585
"04/03/2010 22:50:00","EDT","DUNWOD",61760,547.9
"04/03/2010 22:50:00","EDT","GENESE",61753,936.8
"04/03/2010 22:50:00","EDT","HUD VL",61758,990.7
"04/03/2010 22:50:00","EDT","LONGIL",61762,2190.3
"04/03/2010 22:50:00","EDT","MHK VL",61756,730.5
"04/03/2010 22:50:00","EDT","MILLWD",61759,290.2
"04/03/2010 22:50:00","EDT","N.Y.C.",61761,5204.8
"04/03/2010 22:50:00","EDT","NORTH",61755,416.7
"04/03/2010 22:50:00","EDT","WEST",61752,1537
"04/03/2010 22:55:00","EDT","CAPITL",61757,967.2
"04/03/2010 22:55:00","EDT","CENTRL",61754,1573.6
"04/03/2010 22:55:00","EDT","DUNWOD",61760,555.5
"04/03/2010 22:55:00","EDT","GENESE",61753,937.7
"04/03/2010 22:55:00","EDT","HUD VL",61758,992.3
"04/03/2010 22:55:00","EDT","LONGIL",61762,2178.4
"04/03/2010 22:55:00","EDT","MHK VL",61756,720.1
"04/03/2010 22:55:00","EDT","MILLWD",61759,278.5
"04/03/2010 22:55:00","EDT","N.Y.C.",61761,5167.5
"04/03/2010 22:55:00","EDT","NORTH",61755,416.8
"04/03/2010 22:55:00","EDT","WEST",61752,1542.4
"04/03/2010 23:00:00","EDT","CAPITL",61757,971.5
"04/03/2010 23:00:00","EDT","CENTRL",61754,1569
"04/03/2010 23:00:00","EDT","DUNWOD",61760,556.6
"04/03/2010 23:00:00","EDT","GENESE",61753,931.8
"04/03/2010 23:00:00","EDT","HUD VL",61758,984.6
"04/03/2010 23:00:00","EDT","LONGIL",61762,2174
"04/03/2010 23:00:00","EDT","MHK VL",61756,708.8
"04/03/2010 23:00:00","EDT","MILLWD",61759,279.2
"04/03/2010 23:00:00","EDT","N.Y.C.",61761,5149.6
"04/03/2010 23:00:00","EDT","NORTH",61755,412.5
"04/03/2010 23:00:00","EDT","WEST",61752,1549.7
"04/03/2010 23:05:00","EDT","CAPITL",61757,961.5
"04/03/2010 23:05:00","EDT","CENTRL",61754,1561.4
"04/03/2010 23:05:00","EDT","DUNWOD",61760,542.1
"04/03/2010 23:05:00","EDT","GENESE",61753,921.6
"04/03/2010 23:05:00","EDT","HUD VL",61758,959.7
"04/03/2010 23:05:00","EDT","LONGIL",61762,2134.2
"04/03/2010 23:05:00","EDT","MHK VL",61756,696.6
"04/03/2010 23:05:00","EDT","MILLWD",61759,290.7
"04/03/2010 23:05:00","EDT","N.Y.C.",61761,5149.3
"04/03/2010 23:05:00","EDT","NORTH",61755,409.5
"04/03/2010 23:05:00","EDT","WEST",61752,1535
"04/03/2010 23:10:00","EDT","CAPITL",61757,958.1
"04/03/2010 23:10:00","EDT","CENTRL",61754,1493.3
"04/03/2010 23:10:00","EDT","DUNWOD",61760,547.8
"04/03/2010 23:10:00","EDT","GENESE",61753,923.9
"04/03/2010 23:10:00","EDT","HUD VL",61758,972.1
"04/03/2010 23:10:00","EDT","LONGIL",61762,2111.8
"04/03/2010 23:10:00","EDT","MHK VL",61756,662.9
"04/03/2010 23:10:00","EDT","MILLWD",61759,267.9
"04/03/2010 23:10:00","EDT","N.Y.C.",61761,5094.5
"04/03/2010 23:10:00","EDT","NORTH",61755,407.6
"04/03/2010 23:10:00","EDT","WEST",61752,1513.5
"04/03/2010 23:15:00","EDT","CAPITL",61757,933.7
"04/03/2010 23:15:00","EDT","CENTRL",61754,1537.5
"04/03/2010 23:15:00","EDT","DUNWOD",61760,531.8
"04/03/2010 23:15:00","EDT","GENESE",61753,916.7
"04/03/2010 23:15:00","EDT","HUD VL",61758,953
"04/03/2010 23:15:00","EDT","LONGIL",61762,2116.3
"04/03/2010 23:15:00","EDT","MHK VL",61756,676.8
"04/03/2010 23:15:00","EDT","MILLWD",61759,276
"04/03/2010 23:15:00","EDT","N.Y.C.",61761,5086.3
"04/03/2010 23:15:00","EDT","NORTH",61755,404.3
"04/03/2010 23:15:00","EDT","WEST",61752,1517.3
"04/03/2010 23:20:00","EDT","CAPITL",61757,928.3
"04/03/2010 23:20:00","EDT","CENTRL",61754,1521.1
"04/03/2010 23:20:00","EDT","DUNWOD",61760,537
"04/03/2010 23:20:00","EDT","GENESE",61753,909.4
"04/03/2010 23:20:00","EDT","HUD VL",61758,948.5
"04/03/2010 23:20:00","EDT","LONGIL",61762,2091.7
"04/03/2010 23:20:00","EDT","MHK VL",61756,670.4
"04/03/2010 23:20:00","EDT","MILLWD",61759,269.3
"04/03/2010 23:20:00","EDT","N.Y.C.",61761,5033.4
"04/03/2010 23:20:00","EDT","NORTH",61755,414.2
"04/03/2010 23:20:00","EDT","WEST",61752,1516.4
"04/03/2010 23:25:00","EDT","CAPITL",61757,929
"04/03/2010 23:25:00","EDT","CENTRL",61754,1520.5
"04/03/2010 23:25:00","EDT","DUNWOD",61760,524.8
"04/03/2010 23:25:00","EDT","GENESE",61753,894.9
"04/03/2010 23:25:00","EDT","HUD VL",61758,950.3
"04/03/2010 23:25:00","EDT","LONGIL",61762,2077.2
"04/03/2010 23:25:00","EDT","MHK VL",61756,658.1
"04/03/2010 23:25:00","EDT","MILLWD",61759,289.5
"04/03/2010 23:25:00","EDT","N.Y.C.",61761,5018.2
"04/03/2010 23:25:00","EDT","NORTH",61755,403.3
"04/03/2010 23:25:00","EDT","WEST",61752,1501.4
"04/03/2010 23:30:00","EDT","CAPITL",61757,915.6
"04/03/2010 23:30:00","EDT","CENTRL",61754,1496.5
"04/03/2010 23:30:00","EDT","DUNWOD",61760,510.4
"04/03/2010 23:30:00","EDT","GENESE",61753,900.5
"04/03/2010 23:30:00","EDT","HUD VL",61758,933.4
"04/03/2010 23:30:00","EDT","LONGIL",61762,2076.2
"04/03/2010 23:30:00","EDT","MHK VL",61756,660.1
"04/03/2010 23:30:00","EDT","MILLWD",61759,282.5
"04/03/2010 23:30:00","EDT","N.Y.C.",61761,4999
"04/03/2010 23:30:00","EDT","NORTH",61755,410.4
"04/03/2010 23:30:00","EDT","WEST",61752,1494.6
"04/03/2010 23:35:00","EDT","CAPITL",61757,923.5
"04/03/2010 23:35:00","EDT","CENTRL",61754,1487.5
"04/03/2010 23:35:00","EDT","DUNWOD",61760,528.7
"04/03/2010 23:35:00","EDT","GENESE",61753,886
"04/03/2010 23:35:00","EDT","HUD VL",61758,900.6
"04/03/2010 23:35:00","EDT","LONGIL",61762,2043.3
"04/03/2010 23:35:00","EDT","MHK VL",61756,653.6
"04/03/2010 23:35:00","EDT","MILLWD",61759,263.5
"04/03/2010 23:35:00","EDT","N.Y.C.",61761,4967.6
"04/03/2010 23:35:00","EDT","NORTH",61755,413.5
"04/03/2010 23:35:00","EDT","WEST",61752,1489.3
"04/03/2010 23:40:00","EDT","CAPITL",61757,907.6
"04/03/2010 23:40:00","EDT","CENTRL",61754,1454.4
"04/03/2010 23:40:00","EDT","DUNWOD",61760,531.1
"04/03/2010 23:40:00","EDT","GENESE",61753,884.6
"04/03/2010 23:40:00","EDT","HUD VL",61758,939.9
"04/03/2010 23:40:00","EDT","LONGIL",61762,2019.8
"04/03/2010 23:40:00","EDT","MHK VL",61756,666.9
"04/03/2010 23:40:00","EDT","MILLWD",61759,247.9
"04/03/2010 23:40:00","EDT","N.Y.C.",61761,4947.5
"04/03/2010 23:40:00","EDT","NORTH",61755,407.3
"04/03/2010 23:40:00","EDT","WEST",61752,1476.8
"04/03/2010 23:45:00","EDT","CAPITL",61757,902.8
"04/03/2010 23:45:00","EDT","CENTRL",61754,1484.4
"04/03/2010 23:45:00","EDT","DUNWOD",61760,493.3
"04/03/2010 23:45:00","EDT","GENESE",61753,875.6
"04/03/2010 23:45:00","EDT","HUD VL",61758,900.6
"04/03/2010 23:45:00","EDT","LONGIL",61762,2013.8
"04/03/2010 23:45:00","EDT","MHK VL",61756,643.2
"04/03/2010 23:45:00","EDT","MILLWD",61759,283.4
"04/03/2010 23:45:00","EDT","N.Y.C.",61761,4908.4
"04/03/2010 23:45:00","EDT","NORTH",61755,411.4
"04/03/2010 23:45:00","EDT","WEST",61752,1468.7
"04/03/2010 23:50:00","EDT","CAPITL",61757,893
"04/03/2010 23:50:00","EDT","CENTRL",61754,1465.7
"04/03/2010 23:50:00","EDT","DUNWOD",61760,492.2
"04/03/2010 23:50:00","EDT","GENESE",61753,864.1
"04/03/2010 23:50:00","EDT","HUD VL",61758,907.4
"04/03/2010 23:50:00","EDT","LONGIL",61762,1990.3
"04/03/2010 23:50:00","EDT","MHK VL",61756,638.2
"04/03/2010 23:50:00","EDT","MILLWD",61759,268.5
"04/03/2010 23:50:00","EDT","N.Y.C.",61761,4920.6
"04/03/2010 23:50:00","EDT","NORTH",61755,408.1
"04/03/2010 23:50:00","EDT","WEST",61752,1463.9
"04/03/2010 23:55:00","EDT","CAPITL",61757,900.9
"04/03/2010 23:55:00","EDT","CENTRL",61754,1464.5
"04/03/2010 23:55:00","EDT","DUNWOD",61760,495.8
"04/03/2010 23:55:00","EDT","GENESE",61753,855.7
"04/03/2010 23:55:00","EDT","HUD VL",61758,906.6
"04/03/2010 23:55:00","EDT","LONGIL",61762,1978.9
"04/03/2010 23:55:00","EDT","MHK VL",61756,640.4
"04/03/2010 23:55:00","EDT","MILLWD",61759,267.7
"04/03/2010 23:55:00","EDT","N.Y.C.",61761,4878.9
"04/03/2010 23:55:00","EDT","NORTH",61755,401.6
"04/03/2010 23:55:00","EDT","WEST",61752,1445.1
